6	10
42	45
46	50
52	56
58	64
65	68
75	80
104	107
108	112
118	122
134	137
140	144
151	154
162	165
173	180
184	190
191	194
195	198
200	203
206	210
217	221
225	232
234	237
238	242
247	253
254	258
260	263
264	271
276	282
285	288
291	296
309	315
419	423
424	429
432	436
439	455
456	459
460	469
472	475
476	482
491	495
502	506
507	518
527	530
559	564
570	573
580	583
623	626
631	635
636	639
643	652
692	696
700	703
704	707
710	714
715	719
720	725
733	736
738	745
746	751
755	758
763	771
792	796
798	801
816	822
824	827
835	838
842	846
873	876
893	898
901	904
913	918
923	930
935	939
941	945
955	959
965	968
969	974
975	978
981	984
985	988
990	998
1005	1008
1016	1022
1027	1031
1082	1086
1093	1100
1104	1107
1108	1111
1122	1125
1128	1131
1137	1140
1158	1163
1170	1174
1175	1182
1185	1188
1189	1197
1200	1212
1226	1230
1236	1238
1248	1252
1254	1260
1262	1268
1270	1278
1336	1340
1350	1354
1378	1388
1395	1398
1403	1410
1419	1422
1467	1470
1474	1477
1483	1486
1493	1500
1506	1516
1518	1524
1527	1535
1540	1545
1546	1553
1574	1577
1581	1586
1587	1593
1594	1599
1600	1605
