2	7
8	13
14	19
20	31
32	40
41	45
47	53
55	60
64	68
73	76
77	82
83	88
93	97
103	107
112	115
129	132
133	137
147	151
158	161
170	176
179	191
195	198
199	206
207	212
214	217
218	238
240	243
249	254
256	260
266	271
273	276
281	285
294	299
305	310
316	319
324	327
328	331
340	344
346	352
353	356
357	360
365	370
371	380
389	395
401	406
417	420
422	425
426	431
450	454
461	463
538	543
547	551
555	558
561	564
568	571
574	578
579	582
587	591
592	595
596	601
602	609
610	615
620	625
631	636
640	643
644	647
653	659
663	667
676	682
683	688
690	693
699	702
703	711
712	715
718	724
733	738
741	744
751	756
761	764
766	774
775	778
779	784
785	791
792	798
800	806
807	812
813	816
818	821
839	843
846	850
853	859
860	864
871	876
877	883
888	894
895	902
904	908
912	918
920	925
927	932
933	941
943	949
960	972
980	984
986	990
991	999
1002	1007
1010	1014
1016	1024
1027	1031
1062	1068
1071	1074
1100	1106
1110	1115
1122	1127
1131	1139
1151	1154
1160	1163
1165	1169
1174	1181
1185	1191
1194	1201
1203	1208
1209	1212
1214	1219
1220	1223
1224	1227
1228	1231
1238	1241
1242	1248
1254	1260
1264	1267
1268	1273
1278	1282
1286	1289
1292	1296
1299	1304
1306	1309
1311	1323
1324	1333
1335	1338
1347	1354
1364	1370
1375	1380
1383	1385
1394	1397
1416	1419
1426	1429
1430	1433
1443	1450
1451	1455
1462	1464
1469	1483
1486	1491
1495	1498
1501	1504
1505	1511
1517	1521
1522	1525
1530	1534
1537	1540
1546	1549
1551	1560
1565	1568
1570	1575
1576	1580
1581	1588
1595	1599
1603	1607
1609	1612
1625	1633
1634	1637
1640	1643
1646	1652
1653	1664
