6	10
15	18
30	37
38	42
43	46
49	52
59	64
66	69
74	79
85	88
90	93
96	100
107	111
115	118
120	128
130	140
142	146
151	156
159	165
166	171
186	191
192	195
198	204
209	213
218	221
222	231
237	241
243	250
259	262
265	271
277	282
283	288
291	294
303	308
309	312
313	318
320	323
324	328
333	340
341	345
352	356
363	368
371	377
380	389
394	399
420	424
426	431
558	568
577	580
594	598
622	626
646	652
654	658
659	663
664	669
671	674
676	680
684	687
691	695
707	710
715	722
735	738
739	744
747	754
758	762
764	767
779	787
791	798
799	805
806	812
813	816
817	823
829	836
841	847
856	861
862	866
868	871
873	876
883	890
891	897
900	908
910	914
920	926
927	931
932	935
939	943
946	953
959	963
969	972
973	976
977	980
984	988
993	996
998	1001
1003	1006
1007	1010
1013	1016
1020	1024
1026	1029
1030	1034
1047	1051
1052	1055
1064	1067
1068	1071
1072	1075
1076	1081
1084	1088
1094	1097
1102	1109
1110	1113
1115	1120
1121	1127
1128	1132
1133	1142
1149	1155
1159	1166
