363	367
378	390
393	396
403	409
410	413
419	423
424	430
433	436
439	444
447	455
458	466
469	472
478	485
491	495
497	500
520	522
528	533
535	538
539	548
551	554
566	572
578	587
598	601
606	612
613	616
617	620
624	629
630	635
638	647
648	651
655	662
663	670
671	675
682	689
712	715
729	734
736	740
741	752
755	758
781	793
795	799
806	813
821	826
828	832
833	837
847	851
853	857
859	862
868	875
884	888
890	899
900	906
912	919
929	935
939	944
962	965
966	971
976	983
985	992
993	998
1008	1011
1023	1026
1028	1036
1037	1043
1046	1049
1051	1064
1118	1121
1131	1137
1178	1184
1187	1191
1195	1198
1199	1204
1209	1213
1242	1246
1258	1261
1278	1281
1283	1287
1296	1303
1309	1313
1314	1317
1335	1344
1350	1353
1429	1434
1456	1474
1476	1486
1494	1497
1507	1510
1513	1516
1518	1530
1533	1539
1541	1547
1555	1559
1564	1567
1595	1600
1648	1651
1652	1656
1660	1667
1687	1691
1698	1702
1709	1714
1726	1734
1744	1746
1749	1753
1777	1780
1786	1790
1807	1815
1822	1825
1828	1835
1844	1849
1854	1857
1864	1869
1871	1878
1884	1887
1888	1891
1894	1899
1903	1909
1910	1917
1922	1939
1942	1947
1949	1952
1959	1962
1964	1968
1969	1973
1978	1981
1983	1992
1994	1997
2001	2004
2016	2020
2028	2030
2042	2050
2051	2057
2059	2076
2077	2090
2104	2109
2118	2130
2134	2137
2138	2143
2144	2148
2154	2157
2159	2162
2166	2171
2172	2177
2179	2186
2196	2202
2204	2209
2213	2217
2218	2221
2222	2225
2236	2249
2252	2257
2265	2268
2272	2275
2280	2285
