0	4
22	26
27	31
39	42
43	47
48	52
55	59
61	67
69	76
111	114
121	124
138	144
155	158
160	166
171	176
178	181
185	190
194	198
199	203
204	207
210	220
221	225
226	232
235	239
242	245
246	254
258	261
263	267
273	277
288	291
298	301
302	310
311	315
316	320
321	328
330	335
337	340
341	348
349	352
354	361
371	377
378	385
387	392
394	397
406	409
410	413
415	423
427	430
436	440
443	446
448	452
453	458
461	469
470	474
476	479
483	487
489	492
493	496
497	504
508	511
512	515
517	520
521	528
530	538
542	545
548	552
557	560
561	565
567	572
575	583
591	594
598	602
603	607
610	613
615	619
623	627
628	631
636	640
648	652
657	662
663	669
675	683
700	703
704	708
709	716
718	721
723	728
731	734
738	741
751	754
756	760
762	765
777	781
786	789
791	795
796	800
802	809
817	820
825	829
831	835
843	853
855	863
864	869
870	873
874	879
888	891
900	906
907	910
913	917
920	924
928	931
948	955
962	970
973	977
979	1006
1009	1014
1015	1019
1021	1024
1027	1031
1032	1036
1037	1041
1042	1047
1048	1054
1060	1064
1065	1069
1070	1075
1077	1080
1081	1088
1093	1096
1098	1101
1102	1106
1114	1117
1119	1122
1127	1130
1132	1135
1137	1140
1148	1151
1166	1169
1170	1174
1175	1181
1183	1186
1221	1229
1233	1237
1243	1248
1249	1256
1266	1271
1279	1282
1289	1296
1297	1300
1301	1305
1314	1320
1325	1328
1335	1338
1339	1343
1346	1349
1351	1355
1357	1361
1362	1368
1389	1392
1396	1403
1404	1407
1412	1421
1424	1430
1431	1441
1443	1446
1482	1490
1496	1502
1519	1522
1538	1542
1543	1554
1555	1558
1560	1573
1581	1584
1585	1588
1617	1620
1621	1625
1631	1635
1637	1640
1664	1667
1690	1694
1696	1704
1706	1710
1714	1721
1728	1733
1735	1741
1742	1746
1763	1767
1768	1771
1773	1778
1779	1788
1792	1795
1796	1799
1814	1817
1818	1821
1823	1829
1830	1838
1840	1845
1846	1853
1857	1860
1866	1869
1872	1876
1880	1887
1890	1896
1897	1900
1902	1905
1925	1937
1939	1942
1948	1951
1962	1969
1977	1981
1991	1994
1996	2000
2005	2008
2012	2015
2018	2021
2043	2048
2056	2059
2061	2070
2140	2143
2152	2163
2169	2174
2175	2181
2185	2188
2191	2200
2203	2210
2212	2216
2217	2221
2224	2228
2229	2235
2247	2253
2256	2261
2268	2273
2276	2279
2280	2284
2287	2294
2302	2311
2312	2316
2322	2331
2336	2339
2343	2346
2350	2359
2361	2367
2380	2384
2385	2388
2391	2394
2395	2402
2409	2412
2418	2422
2424	2427
2429	2432
2863	2865
2869	2878
2888	2891
2897	2901
2911	2915
2916	2920
2922	2924
2926	2929
2945	2948
2949	2953
2955	2958
2966	2970
2971	2973
2976	2979
2981	2986
2987	2990
2991	2996
2998	3005
3006	3011
3012	3020
3021	3024
3028	3035
3042	3048
3053	3056
3066	3069
3072	3075
3076	3079
3082	3086
3087	3090
3091	3099
3101	3104
3106	3113
3118	3125
3127	3132
3134	3139
3141	3144
3147	3150
3159	3163
3165	3179
3195	3201
3202	3207
3209	3212
3214	3219
3220	3223
3224	3228
3229	3234
3235	3240
3241	3246
3251	3256
3257	3266
3291	3296
3307	3311
3314	3318
3321	3324
3325	3328
3338	3341
3345	3349
3354	3362
3368	3372
3384	3387
3388	3391
3392	3395
3410	3414
3415	3418
3419	3425
3432	3435
3436	3439
3442	3447
3470	3474
3477	3482
3486	3490
3496	3499
3503	3507
3512	3515
3518	3524
3531	3535
3543	3547
3549	3558
3559	3565
3566	3570
3571	3575
3582	3587
3593	3596
3598	3603
3604	3609
3610	3618
3624	3629
3642	3649
3651	3656
3660	3663
3666	3672
3673	3680
3681	3685
3695	3703
3706	3713
3714	3725
3729	3732
3780	3783
3840	3848
3849	3855
3856	3860
3863	3867
3880	3886
3922	3934
3935	3942
3944	3948
3956	3958
3963	3966
3969	3973
3979	3985
3994	3999
4003	4009
4012	4017
4019	4022
4030	4035
4043	4046
4049	4054
4055	4058
4060	4065
4066	4069
4070	4076
4077	4082
4083	4087
4090	4097
4099	4105
4107	4110
4111	4114
4116	4119
4124	4128
4129	4132
4134	4139
4141	4149
4152	4155
4156	4165
4167	4170
4173	4183
4184	4190
4191	4195
4197	4201
4202	4207
4208	4212
4221	4223
4236	4239
4241	4248
4249	4255
4262	4283
4287	4292
4293	4310
4313	4325
4326	4331
4340	4343
4350	4353
4357	4363
4367	4370
4374	4377
4381	4388
4389	4392
4393	4397
4399	4404
4406	4411
4423	4428
4431	4434
4435	4440
4443	4449
4455	4460
4463	4466
4470	4473
4475	4479
4482	4487
4490	4498
4510	4512
4514	4516
4524	4527
4532	4537
4540	4549
4550	4554
4555	4560
4563	4568
4573	4575
4585	4589
4594	4600
4601	4604
4611	4618
4620	4623
4625	4632
4636	4642
4648	4664
4668	4680
4681	4686
4688	4691
4692	4695
4696	4701
4706	4709
4710	4716
4717	4720
4722	4726
4732	4738
4752	4756
4768	4774
4800	4803
4804	4807
4808	4812
4814	4819
4827	4838
4851	4858
4863	4866
4869	4875
4881	4885
4892	4896
4897	4901
4915	4919
4922	4925
4926	4929
4930	4934
4939	4944
4951	4957
