3	10
11	16
18	21
22	28
33	38
45	51
53	57
60	68
69	72
75	81
84	87
92	101
102	108
111	114
124	130
136	141
150	154
168	172
174	177
185	189
195	206
208	214
216	219
227	234
241	245
250	254
259	263
270	273
275	284
285	290
292	298
301	305
313	319
320	332
336	341
347	351
352	360
370	374
381	390
391	397
399	402
403	407
415	421
447	451
452	456
471	482
490	493
519	525
538	541
543	549
554	560
570	573
582	586
589	593
594	602
607	610
614	617
632	636
640	645
646	651
652	657
658	662
663	666
667	671
676	681
683	690
691	697
700	703
704	707
713	723
725	729
731	736
754	757
767	776
798	801
806	809
825	830
866	869
878	881
882	886
891	897
902	907
922	927
928	932
937	944
945	948
949	952
958	963
964	976
978	1016
1091	1097
1120	1128
1137	1145
1147	1152
1162	1170
1183	1189
1193	1197
1219	1223
1229	1233
1238	1241
1244	1247
1248	1252
1259	1268
1269	1273
1276	1279
1288	1294
1296	1301
1308	1311
1313	1316
1321	1325
1331	1336
1337	1340
1352	1360
1361	1364
1365	1368
1371	1376
1378	1381
1382	1386
1394	1397
1398	1403
1405	1408
1410	1415
1416	1419
1422	1428
1432	1436
1440	1443
1444	1448
1449	1453
1456	1466
1468	1474
1475	1478
1479	1484
1485	1488
1497	1504
1507	1514
1517	1523
1524	1527
1534	1541
1544	1547
1548	1551
1553	1561
1564	1571
1573	1582
1585	1588
1596	1602
1615	1618
1654	1657
1658	1664
1666	1675
1696	1699
1700	1704
1713	1716
1719	1726
1729	1731
1738	1746
1766	1770
1773	1776
1785	1790
1795	1800
1820	1825
1844	1850
1859	1863
1878	1882
1887	1889
1892	1900
1909	1915
1917	1920
1921	1928
1931	1937
1948	1951
1958	1961
1989	1992
2006	2009
2011	2019
2029	2032
2037	2041
2042	2045
2047	2054
2056	2061
2066	2072
2074	2077
2079	2083
2085	2091
2092	2099
2113	2117
2118	2121
2126	2135
2146	2149
2151	2158
2167	2172
2174	2178
2191	2194
2196	2202
2204	2208
2211	2220
2221	2224
2225	2228
2231	2236
2237	2244
2247	2252
2266	2271
2280	2284
2286	2292
2296	2302
2303	2309
2312	2316
2317	2323
2330	2333
2335	2343
2344	2347
2356	2360
2363	2366
2367	2371
2373	2380
2383	2389
2406	2409
2410	2414
2424	2432
2433	2441
2444	2450
2452	2456
2462	2465
2466	2470
2472	2475
2481	2485
2488	2491
2492	2497
2499	2502
2503	2508
2514	2517
2518	2525
2532	2540
2542	2547
2550	2556
2557	2562
2563	2576
2582	2586
2597	2603
2609	2612
2613	2617
2621	2625
2638	2643
2651	2654
2656	2659
2678	2684
2688	2695
2697	2701
