455	461
471	483
500	503
506	509
513	519
548	561
562	565
577	582
583	592
593	600
618	623
624	629
635	642
652	659
664	674
675	680
681	687
692	699
706	709
711	714
724	730
734	737
745	758
769	773
776	782
783	786
787	790
793	796
806	809
818	827
831	835
839	843
844	849
854	859
863	867
878	885
886	889
892	896
897	901
903	908
909	913
921	926
947	950
955	960
962	966
969	976
977	983
984	989
990	997
1003	1006
1009	1012
1013	1019
1023	1028
1032	1036
1039	1044
1051	1054
1081	1100
1104	1109
1110	1117
1118	1128
1130	1133
1134	1137
1138	1143
1147	1151
1155	1158
1165	1176
1179	1182
1183	1188
1194	1206
1207	1210
1211	1216
1217	1221
1238	1241
1243	1246
1248	1254
1256	1260
1262	1271
1274	1282
1284	1287
1289	1293
1300	1305
1312	1318
1319	1325
1327	1330
1331	1338
1339	1344
1346	1350
1351	1355
1357	1364
1366	1370
1373	1379
1381	1388
1395	1400
1403	1410
1413	1418
1419	1428
1429	1435
1436	1443
1449	1452
1455	1465
1482	1486
1492	1496
1500	1504
1509	1513
1514	1517
1534	1537
1544	1549
1552	1557
1559	1565
1571	1574
1578	1585
1587	1595
1601	1607
1609	1616
1622	1628
1629	1634
1636	1639
1651	1655
1656	1659
1661	1664
1665	1672
1675	1681
1691	1703
1706	1710
1711	1716
1746	1749
1753	1758
1769	1777
1780	1784
1794	1797
1798	1805
1806	1809
1814	1817
1821	1825
1826	1829
1843	1855
1858	1861
1883	1887
1900	1904
1921	1924
1936	1944
1950	1954
1958	1964
1966	1969
1973	1984
1985	1996
2000	2003
2012	2019
2021	2025
2026	2034
