2	7
11	14
19	31
36	39
41	46
47	52
57	60
62	65
72	76
78	86
87	91
97	100
101	107
108	111
121	125
132	137
139	143
144	150
157	161
171	184
194	199
200	203
209	214
219	222
232	237
242	246
247	255
256	259
260	264
266	271
284	295
296	301
302	318
320	327
328	333
365	368
369	372
377	386
387	394
395	398
409	412
434	440
441	447
449	453
454	463
465	468
474	479
482	485
487	495
499	503
504	507
528	533
534	537
540	546
548	553
555	558
559	564
565	569
574	580
581	586
591	595
598	605
613	616
617	621
627	632
633	639
641	646
648	654
655	659
769	771
785	788
795	798
800	804
806	809
819	822
828	831
834	841
842	848
849	852
868	874
875	878
879	888
903	909
910	919
922	926
927	930
936	939
941	947
955	960
965	973
977	980
981	985
986	991
992	995
997	1002
1003	1007
1009	1015
1016	1021
1022	1027
1028	1036
1037	1040
1043	1047
1048	1051
1053	1056
1061	1069
1070	1074
1076	1079
1080	1083
1084	1088
1096	1101
1114	1120
1126	1129
1135	1140
1141	1144
1145	1150
1151	1154
1167	1171
1178	1181
1184	1187
1191	1195
1202	1210
1231	1233
1235	1240
1252	1255
1277	1280
1281	1286
1289	1295
1297	1303
1306	1322
1325	1329
1330	1334
1340	1345
1347	1352
1353	1357
1368	1371
1377	1386
1387	1393
1403	1406
1410	1414
1428	1431
1432	1439
1441	1444
1447	1453
1496	1505
1506	1509
1511	1514
1516	1519
1521	1526
1532	1537
1543	1547
1548	1554
1555	1558
1560	1563
1573	1580
1591	1595
1596	1604
1608	1613
1620	1623
1636	1638
1640	1646
1647	1653
1655	1658
1685	1688
1697	1702
1705	1714
1716	1718
1722	1725
1742	1745
1753	1760
1763	1769
1780	1786
1795	1802
1814	1817
1819	1827
1828	1835
1836	1842
1843	1846
1855	1869
1871	1875
1883	1889
1890	1898
1902	1907
1911	1917
1925	1928
1932	1940
1948	1952
1968	1974
1975	1980
1988	1992
1996	2000
2001	2006
2016	2019
2029	2034
2046	2054
2072	2078
2079	2083
2088	2098
2103	2107
2109	2113
2118	2122
2129	2134
2135	2138
2148	2152
2155	2158
2177	2181
2182	2188
2190	2196
2201	2207
2210	2213
2234	2237
2238	2241
2244	2247
2260	2263
2264	2269
2287	2290
2293	2298
2299	2302
2303	2308
2309	2315
2320	2325
2334	2339
2340	2343
2345	2356
2357	2360
2363	2367
2369	2381
2382	2391
2394	2398
2406	2410
2415	2419
2422	2425
2426	2429
2430	2433
2438	2445
2447	2450
2452	2456
2460	2464
2469	2472
2475	2480
2481	2486
2487	2496
2505	2508
2528	2531
2542	2546
2549	2554
2583	2587
2590	2595
2609	2614
2615	2619
2635	2642
2653	2663
