395	399
406	413
420	423
425	430
443	450
451	454
459	465
469	472
473	478
490	493
496	502
505	508
524	527
528	535
580	589
591	599
600	605
607	611
614	618
619	622
623	627
631	635
641	650
652	655
677	685
693	696
697	700
702	708
710	714
723	726
739	743
745	752
754	758
760	764
765	771
774	778
783	786
803	806
834	839
842	845
898	906
970	982
992	996
997	1002
1006	1010
1012	1016
1019	1024
1028	1031
1033	1035
1036	1039
1046	1050
1051	1054
1068	1079
1080	1086
1090	1100
1104	1108
1122	1126
1133	1148
1150	1164
1170	1181
1182	1189
1201	1204
1207	1211
1214	1220
1221	1224
1229	1236
1238	1242
1263	1266
1267	1271
1272	1275
1277	1280
1295	1299
1304	1307
1327	1347
1348	1355
1359	1364
1365	1367
1370	1374
1378	1381
1384	1388
1391	1395
1396	1402
1408	1411
1412	1415
1416	1420
1423	1426
1450	1454
1465	1469
1474	1478
1482	1485
1486	1489
1492	1496
1498	1501
1506	1511
1514	1519
1521	1528
1529	1533
1538	1541
1543	1549
1550	1554
1556	1577
1588	1591
1592	1595
1603	1607
1613	1616
1619	1624
1625	1630
1661	1665
1666	1669
1686	1689
1710	1713
1715	1718
1722	1738
1764	1767
1777	1780
1781	1784
1788	1791
1792	1795
1801	1804
1806	1814
1818	1821
1823	1829
1831	1841
1844	1848
1849	1855
1858	1863
1868	1871
1878	1883
1886	1889
1895	1900
1901	1907
1911	1920
1922	1925
1932	1935
1992	1998
1999	2004
2008	2013
2022	2030
2035	2038
2041	2047
2048	2051
2054	2059
2061	2067
2071	2074
2075	2081
2082	2093
2098	2102
2103	2107
2111	2115
2125	2128
