3	8
9	16
17	21
58	61
65	69
70	74
80	85
87	92
97	108
109	113
115	118
124	128
138	143
145	149
150	154
157	161
169	183
192	195
215	218
222	226
230	235
236	239
249	252
253	261
263	266
267	271
277	282
284	289
290	297
299	302
304	307
311	315
328	331
341	344
346	351
356	365
366	373
376	381
382	387
388	391
392	395
398	402
406	416
425	429
431	434
446	449
450	457
466	469
480	483
487	491
492	502
506	509
533	538
542	545
551	555
557	562
573	587
594	598
600	606
607	613
615	627
630	636
637	640
645	648
649	658
660	663
664	667
693	701
702	705
706	711
714	719
729	736
756	762
763	767
770	776
779	782
844	855
857	862
867	870
876	879
880	887
893	896
909	914
924	931
933	935
939	946
950	953
957	960
966	971
979	983
987	990
991	995
1006	1013
1021	1029
1031	1039
1040	1044
1046	1051
1058	1064
1071	1075
1148	1151
1163	1167
1168	1176
1179	1183
1190	1192
1196	1199
1202	1208
1209	1213
1216	1220
1223	1226
1252	1257
1269	1274
1286	1290
1311	1315
1331	1338
1353	1356
1361	1366
1370	1374
1375	1378
1384	1387
1390	1393
1403	1408
1410	1417
1419	1423
1426	1433
1438	1441
1442	1446
1453	1456
1465	1468
1470	1474
1477	1480
1485	1491
1492	1495
1496	1500
1510	1513
1514	1517
1521	1531
1532	1540
1543	1548
1549	1552
1556	1560
1566	1571
1587	1593
1596	1599
1607	1612
1658	1661
1671	1675
1685	1690
1699	1702
1722	1727
1728	1733
1739	1742
1750	1755
1763	1770
1780	1784
1787	1795
1805	1812
1818	1824
1830	1834
1835	1839
1840	1849
1853	1857
1862	1865
1871	1877
1880	1885
1903	1912
1913	1918
1920	1923
1927	1930
1932	1935
1937	1940
1941	1945
1948	1954
1956	1962
1963	1968
1970	1974
1975	1985
1988	1995
1997	2001
2006	2010
2013	2017
2024	2030
2032	2035
2036	2041
2043	2048
2054	2057
2058	2061
2067	2073
2074	2077
2080	2084
2110	2113
2128	2132
2151	2155
2175	2178
2182	2187
2190	2195
2198	2201
2202	2205
2206	2211
2214	2221
2242	2249
2251	2254
2259	2263
2264	2269
2273	2283
2286	2289
2290	2296
2298	2301
2314	2328
2336	2342
2358	2362
2363	2365
2371	2376
2381	2389
2393	2398
2400	2415
2420	2431
2434	2438
2445	2452
2456	2460
2479	2488
2490	2495
2496	2499
2503	2506
2507	2512
2519	2528
2538	2541
2542	2549
2552	2556
2557	2564
2573	2576
2589	2593
2597	2602
2637	2643
2644	2648
2649	2652
2658	2665
2666	2671
