8	11
16	21
29	35
40	43
45	51
54	59
60	63
64	69
70	73
74	78
79	86
89	93
94	101
104	170
171	176
178	182
186	204
206	218
219	224
228	234
238	241
244	247
253	257
278	284
297	301
308	312
317	322
326	328
342	351
352	357
372	374
379	389
391	397
398	405
409	412
418	422
423	427
431	434
438	443
445	448
458	468
475	481
491	499
538	542
543	550
552	561
581	588
592	596
597	601
604	613
615	618
619	623
624	629
630	634
692	695
701	711
721	725
933	939
945	949
965	972
978	981
991	997
1004	1007
1035	1039
1045	1059
1061	1067
1075	1078
1079	1082
1109	1117
1118	1127
1130	1135
1136	1140
1141	1144
1146	1149
1151	1154
1166	1169
1170	1174
1189	1194
1232	1235
1286	1290
1292	1295
1296	1299
1303	1309
1316	1319
1320	1326
1332	1335
1339	1344
1345	1349
1350	1354
1356	1359
1361	1365
1367	1371
1372	1382
1383	1386
1388	1394
1395	1399
1403	1406
1407	1412
1419	1422
1423	1427
1428	1431
1435	1438
1444	1449
1456	1459
1481	1485
1488	1493
1494	1498
1499	1503
1504	1508
1509	1512
1517	1520
1545	1548
1555	1558
1562	1565
1599	1608
1610	1617
1627	1634
1640	1645
1652	1655
1684	1689
1690	1694
1695	1700
1702	1712
1716	1720
1726	1729
1731	1734
1748	1754
1755	1758
1759	1771
1778	1783
1786	1790
1795	1798
