1	4
7	12
15	18
19	23
25	29
31	37
43	50
63	66
69	73
74	77
101	105
110	113
114	119
120	125
130	134
138	141
166	169
171	174
177	182
183	188
192	195
196	200
202	208
209	214
224	228
246	249
255	260
284	287
288	293
294	297
300	312
317	329
331	336
357	363
368	374
380	383
388	393
394	397
399	406
407	412
413	420
427	430
435	438
469	473
478	481
484	487
488	497
499	504
506	515
519	523
524	527
528	535
536	540
541	547
548	553
555	558
559	567
571	578
579	584
588	594
595	597
598	602
605	609
610	613
624	627
637	644
647	650
655	659
668	671
714	717
723	726
727	730
735	740
753	758
759	765
767	770
776	785
786	795
798	801
805	809
819	825
837	841
842	847
850	855
860	863
865	871
872	877
881	888
889	898
899	911
912	919
920	925
935	938
939	947
948	956
958	961
962	971
972	979
1011	1026
1034	1040
1056	1059
1068	1071
1079	1082
1083	1089
1090	1093
1094	1098
1099	1104
1106	1109
1114	1121
1124	1151
1160	1163
1171	1174
1176	1181
1187	1193
1200	1204
1206	1212
1214	1221
1224	1230
1233	1237
1240	1243
1249	1260
1273	1278
1286	1290
1291	1297
1305	1311
1313	1317
1333	1336
1349	1352
1353	1361
1362	1368
1369	1373
1374	1379
1380	1387
1388	1397
1398	1405
1408	1411
1417	1420
1423	1430
1443	1458
1459	1464
1465	1475
1476	1483
1484	1488
1489	1492
1493	1497
1501	1508
1509	1513
1527	1530
1558	1561
1593	1597
1599	1605
1607	1611
1633	1636
1660	1664
1689	1698
1701	1705
1707	1712
1714	1722
1724	1728
1730	1735
1736	1740
1743	1746
1751	1753
1761	1764
1771	1774
1775	1785
1790	1792
1799	1802
1836	1840
1846	1849
1855	1859
1861	1868
1870	1872
1879	1881
1883	1885
1891	1895
1898	1902
1906	1908
1912	1914
1919	1925
1926	1930
1931	1935
1936	1942
1950	1954
1955	1960
1968	1971
1982	1989
1991	1994
1997	2000
2011	2019
2020	2024
2027	2036
2039	2045
2048	2052
2101	2104
2105	2110
2114	2117
2121	2125
2150	2153
2166	2170
2182	2187
2216	2220
2221	2225
2232	2234
2237	2241
2242	2246
2251	2254
2255	2259
2262	2268
2275	2279
2356	2364
2371	2377
2383	2386
2387	2390
2394	2400
2406	2413
2414	2418
2423	2426
2428	2431
2436	2445
2492	2495
2501	2510
2530	2536
2546	2549
2554	2557
2567	2575
2602	2606
2607	2613
2615	2619
2633	2636
2638	2641
2646	2650
2653	2656
2671	2676
2678	2681
2682	2685
2695	2698
2706	2709
2711	2715
2718	2728
2730	2756
2758	2762
2764	2767
2769	2772
2817	2822
2853	2860
2861	2866
2888	2891
2921	2924
2938	2942
2960	2963
2973	2976
2980	2990
3009	3013
3018	3024
3025	3029
3044	3047
3048	3052
3059	3068
3092	3095
3098	3101
3110	3113
3119	3122
3126	3131
3138	3144
3150	3153
3169	3174
3178	3183
3188	3195
3196	3201
3202	3205
3206	3209
3214	3218
3226	3229
3232	3238
3239	3247
3264	3267
3272	3275
3294	3299
3300	3305
3311	3314
3315	3318
3320	3323
3325	3328
3331	3334
3347	3350
3359	3365
3366	3379
3392	3396
3401	3405
3415	3417
3419	3429
3431	3434
3436	3441
3443	3450
3451	3455
3456	3459
3460	3465
3468	3475
3478	3481
3482	3485
3489	3493
3495	3499
3501	3504
3515	3519
3528	3532
3538	3542
3543	3549
3563	3566
3575	3582
3584	3587
3588	3599
3602	3630
3631	3634
3635	3642
3643	3654
3655	3660
3673	3676
3692	3698
3729	3734
3746	3749
3752	3757
3765	3769
3771	3779
3781	3788
3789	3793
3802	3806
3807	3811
3816	3819
3821	3830
3831	3834
3836	3844
3875	3878
3906	3919
3921	3930
3931	3935
3942	3947
3950	3955
3956	3963
3976	3979
3986	3989
3993	3998
3999	4010
4011	4017
4018	4023
4025	4028
4029	4033
4037	4040
4047	4050
4052	4057
4058	4061
4065	4069
4070	4076
4082	4085
4090	4093
4098	4101
4115	4119
4127	4131
4142	4146
4155	4161
4180	4183
4186	4192
4199	4205
4239	4243
4253	4258
4260	4263
4279	4283
4301	4304
4307	4319
4323	4329
4330	4333
4334	4340
4350	4354
4355	4361
4374	4377
4380	4386
4388	4391
4399	4413
4414	4422
4423	4428
4433	4439
4447	4451
4454	4458
4466	4472
4473	4476
4487	4494
4496	4500
4505	4512
4514	4517
4529	4535
4536	4540
4542	4545
4547	4552
4553	4558
4559	4573
4575	4578
4583	4586
4589	4592
4596	4599
4600	4603
4617	4620
4621	4631
4644	4647
4654	4664
4666	4669
4671	4677
4679	4686
4691	4698
4704	4707
4716	4724
4735	4738
4742	4748
4751	4756
4757	4766
4767	4770
4772	4775
4777	4780
4783	4787
4789	4799
4800	4803
4804	4808
4817	4822
4827	4833
4835	4838
4839	4842
