1	5
11	15
16	20
22	30
35	48
50	53
54	61
66	72
73	81
84	91
95	98
105	109
111	115
129	132
148	158
162	168
176	180
183	186
188	193
201	208
211	214
233	239
240	245
246	256
258	263
266	271
277	281
287	291
312	315
326	329
330	333
337	341
350	359
361	366
372	376
378	383
395	398
402	405
407	412
417	420
427	431
434	445
446	453
454	457
461	466
469	472
477	481
491	496
499	504
510	514
516	520
522	527
580	582
586	597
602	608
610	615
616	619
623	629
632	635
636	642
644	649
650	656
657	667
668	674
677	682
686	690
691	696
697	701
702	705
710	713
714	718
719	723
724	729
732	738
744	750
751	760
761	765
772	776
778	781
786	791
798	802
814	818
819	828
829	833
859	862
864	868
870	873
874	881
889	893
895	898
899	905
910	914
916	919
922	929
930	934
935	938
949	952
971	979
981	985
986	991
992	998
999	1002
1008	1011
1012	1015
1020	1025
1027	1032
1048	1052
1071	1078
1085	1088
1095	1117
1133	1138
1141	1146
1149	1164
1165	1173
1177	1180
1182	1185
1192	1195
1200	1204
1222	1225
1230	1233
1240	1244
1249	1257
1261	1264
1266	1270
1271	1274
1275	1278
1282	1286
