240	244
245	252
304	317
320	325
330	336
340	343
355	361
370	372
382	387
388	392
393	398
402	409
415	422
427	433
434	438
440	447
449	452
459	462
468	471
477	484
486	491
492	496
498	501
504	516
517	526
527	533
536	546
548	552
561	571
572	576
577	580
587	591
595	600
602	608
614	618
630	633
650	656
666	669
672	682
708	711
718	722
726	729
731	735
737	740
741	744
745	750
752	755
761	768
769	773
775	782
783	787
791	800
801	806
808	812
813	817
818	824
825	831
833	838
843	849
853	856
858	861
864	868
869	878
883	886
887	891
896	902
905	911
912	919
920	926
927	930
936	944
945	948
962	965
975	978
998	1003
1009	1015
