4	8
22	25
52	55
64	85
86	92
94	102
131	134
163	173
175	178
196	199
202	206
207	215
223	226
227	236
243	246
251	254
262	272
278	282
284	289
304	311
317	320
321	324
325	331
333	336
337	341
345	349
350	355
358	369
397	405
411	414
431	435
450	456
464	467
472	476
480	485
508	511
513	518
529	541
542	545
549	553
555	565
583	589
596	599
606	613
620	623
632	636
637	643
650	654
663	666
669	676
678	686
723	726
735	738
740	746
749	755
756	760
762	766
774	777
782	787
795	798
803	807
838	841
844	850
851	858
863	866
867	870
871	885
886	889
890	895
896	899
905	909
910	914
915	922
925	928
929	933
934	938
941	944
950	955
957	963
965	969
971	974
975	980
983	989
990	993
1003	1006
1007	1011
1014	1026
1029	1038
1039	1043
1044	1048
1051	1054
1055	1061
1067	1073
1074	1078
1080	1087
1097	1100
1102	1108
1121	1125
1134	1140
1142	1151
1152	1157
1159	1165
1166	1171
1177	1180
1186	1198
1204	1208
1210	1213
1231	1242
1248	1251
1253	1264
1273	1276
1280	1289
1291	1294
1313	1315
1320	1322
1325	1328
1339	1342
1343	1356
1383	1387
1390	1400
1402	1408
1411	1419
1422	1425
1426	1432
1439	1442
1446	1449
1457	1461
1462	1469
1470	1477
1490	1493
1505	1509
1520	1523
1526	1532
1535	1538
1541	1546
1558	1567
1568	1572
1578	1580
1583	1586
1603	1607
1629	1644
1681	1684
1703	1706
1713	1716
1735	1739
1740	1743
1748	1751
1760	1763
1776	1781
1783	1786
1810	1814
1815	1822
1826	1830
1879	1882
1887	1893
1900	1903
1904	1910
1917	1920
1955	1960
1972	1975
1990	1993
1997	2001
2008	2013
2015	2018
2019	2028
2036	2044
2045	2051
2066	2069
2085	2090
2092	2106
2107	2111
2114	2120
2138	2141
2145	2149
2153	2156
2161	2164
2173	2179
2208	2211
2224	2227
2231	2240
2243	2250
2252	2260
2261	2266
2270	2273
2274	2277
2278	2281
2283	2286
2290	2293
2297	2301
2310	2314
2323	2329
2331	2335
2337	2340
2341	2344
2351	2355
2357	2360
2384	2389
2390	2394
2397	2404
2412	2415
2418	2428
2434	2441
2442	2446
2448	2454
2458	2461
2466	2471
2472	2479
2486	2490
2491	2494
2495	2499
2500	2504
2505	2511
2524	2528
2530	2533
2534	2540
2544	2547
2552	2560
2563	2567
2568	2571
2573	2578
2579	2586
2593	2597
2605	2614
2615	2618
2640	2644
2649	2654
2656	2659
2664	2668
2669	2673
2678	2684
2686	2689
2692	2696
2718	2726
2727	2734
2735	2741
2742	2759
2766	2769
2773	2778
2781	2787
2788	2792
2818	2824
2826	2834
2842	2846
2852	2855
2856	2859
2862	2865
2875	2878
2879	2884
2890	2894
2915	2920
2921	2932
2944	2947
2956	2962
2967	2977
2979	2986
2990	2996
2999	3003
3004	3010
3014	3018
3019	3022
3025	3028
3040	3049
3063	3066
3069	3072
3081	3086
3087	3093
3095	3098
3099	3102
3122	3130
3131	3142
3143	3151
3152	3158
3162	3169
3186	3191
3192	3196
3197	3201
3203	3207
3215	3218
3225	3229
3242	3245
3253	3255
3268	3273
3274	3277
3308	3311
3312	3317
3322	3330
3333	3338
3348	3351
3360	3363
3365	3377
3384	3392
3397	3400
3403	3406
3409	3412
3421	3424
3426	3429
3433	3436
3437	3441
3442	3446
3449	3454
3456	3462
3474	3479
3484	3488
3489	3492
3493	3498
3500	3508
3530	3537
3544	3550
3563	3566
3573	3576
3580	3586
3588	3591
3596	3599
3601	3610
3614	3618
3619	3633
3639	3642
3654	3657
3658	3661
3663	3668
3669	3676
3678	3685
3687	3690
3691	3696
3697	3705
3713	3718
3721	3726
3732	3735
3737	3742
3744	3754
3755	3758
3759	3762
3766	3769
3770	3773
3775	3778
3780	3784
3793	3798
3799	3803
3810	3814
3817	3821
3825	3828
3851	3855
3856	3861
3876	3879
3880	3886
3888	3892
3893	3901
3906	3910
3912	3919
3925	3930
3931	3934
3945	3951
3955	3958
3959	3963
