1	13
21	26
27	33
34	39
41	44
50	54
55	59
66	70
71	78
79	83
85	88
91	94
104	108
113	117
124	127
134	138
143	147
148	154
156	159
164	168
169	173
174	178
179	184
191	194
195	201
203	209
211	216
230	235
242	250
267	271
280	283
296	299
304	310
316	320
321	324
330	335
357	361
363	371
374	379
387	390
401	404
406	413
436	439
448	451
477	485
495	499
500	503
509	514
515	519
521	524
529	535
537	540
543	546
560	563
593	596
614	619
642	645
660	663
675	678
682	685
752	755
772	774
778	783
784	788
789	793
803	807
833	838
845	851
864	870
926	934
938	943
944	948
949	952
953	959
966	969
972	976
981	986
989	993
1036	1043
1056	1059
1060	1068
1069	1077
1078	1084
1102	1105
1107	1110
1120	1125
1127	1136
1139	1142
1173	1176
1210	1215
1216	1219
1234	1238
1246	1251
1322	1325
1350	1354
1360	1363
1365	1368
1379	1382
1393	1398
1413	1416
1425	1428
1436	1444
1446	1450
1455	1458
1461	1465
1466	1470
1473	1482
1487	1491
1505	1509
1512	1517
1519	1522
1523	1528
1530	1535
1543	1547
1548	1552
1554	1557
1571	1578
1601	1606
1618	1620
1621	1628
1629	1637
1649	1656
1660	1666
1669	1672
1675	1681
1691	1700
1715	1721
1724	1728
1730	1737
1738	1745
1747	1750
1753	1759
1771	1774
1776	1780
1785	1788
1792	1798
1806	1809
1810	1821
1842	1847
1857	1861
1866	1871
1877	1883
1888	1891
1892	1902
1904	1911
1965	1968
1969	1977
1982	1990
1991	1998
2005	2008
2023	2027
2029	2035
2036	2041
2049	2052
2053	2056
2099	2109
2114	2117
2118	2123
2127	2130
2144	2147
2154	2159
2167	2170
2176	2182
2188	2191
2199	2211
2214	2217
2229	2232
2241	2245
2246	2253
2271	2274
2275	2278
2288	2295
2346	2349
2360	2364
2367	2371
2375	2378
2379	2385
2386	2389
2392	2400
2414	2422
2423	2426
2427	2432
2442	2445
2448	2451
2452	2458
2462	2467
2469	2472
2482	2485
2486	2493
2494	2498
2533	2536
2544	2548
2563	2568
2569	2572
2573	2576
2578	2582
2607	2611
2639	2652
2670	2679
2699	2702
2703	2708
2733	2737
2750	2753
2757	2760
2766	2769
2771	2777
2781	2787
2795	2799
2808	2811
2812	2816
2817	2822
2827	2833
2848	2851
2858	2862
2864	2871
2877	2881
2892	2895
2904	2911
2914	2918
2927	2931
2933	2938
2942	2951
2953	2957
2959	2962
2979	2986
2993	2996
2999	3005
3006	3012
3028	3032
3038	3043
3048	3055
3063	3072
3077	3082
3096	3099
3108	3115
3123	3128
3136	3139
3159	3164
3165	3168
3183	3187
3231	3244
3261	3267
3271	3276
3298	3301
3302	3310
3311	3321
3356	3360
3364	3369
3370	3378
3383	3386
3392	3395
3396	3402
3441	3444
3460	3465
3476	3480
3484	3487
3506	3510
3519	3526
3528	3532
3537	3540
3542	3545
3552	3566
3581	3584
3589	3594
3601	3604
3613	3620
3622	3630
3631	3634
3639	3652
3661	3665
3669	3674
3676	3684
3685	3692
3697	3703
3704	3708
3715	3718
3726	3731
3734	3739
3740	3752
3754	3757
3779	3782
3784	3793
