0	4
6	9
13	17
18	24
29	33
34	41
102	109
132	136
137	155
166	174
175	181
187	190
198	202
205	208
209	213
215	218
270	278
279	287
297	299
302	307
309	321
329	332
338	343
344	349
354	367
395	401
429	436
450	454
457	461
543	551
620	624
626	630
636	641
643	647
649	653
654	657
669	683
685	688
689	699
701	704
714	717
728	733
741	747
754	757
758	765
768	777
779	782
783	786
787	792
794	799
803	806
811	814
819	825
827	830
834	838
839	842
848	852
859	862
864	869
875	878
890	896
906	909
929	931
940	942
1010	1017
1042	1046
1058	1061
1063	1070
1074	1078
1079	1082
1085	1089
1090	1093
1098	1102
1107	1113
1115	1118
1119	1124
1126	1129
1133	1137
1138	1145
1146	1158
1159	1162
1172	1176
1177	1183
1184	1188
1190	1194
1209	1212
1214	1218
1223	1226
1228	1231
1234	1237
1244	1248
1249	1256
1296	1302
1314	1319
1339	1343
1345	1352
1359	1365
1366	1374
1382	1387
1403	1405
1421	1423
1436	1441
1442	1446
1447	1451
1452	1457
1461	1465
1471	1477
1478	1493
1495	1501
1508	1514
1515	1522
1526	1531
1532	1536
1537	1541
1542	1549
1557	1560
1570	1579
1584	1590
1594	1597
1598	1601
1602	1606
1610	1613
1619	1622
1630	1634
1637	1644
1647	1652
1653	1656
1669	1672
1678	1682
1685	1688
1690	1695
1722	1725
1737	1740
1741	1748
1762	1771
1775	1778
1808	1812
1822	1827
1838	1843
1858	1868
1872	1876
1879	1882
1892	1895
1899	1909
1912	1916
1918	1926
1927	1931
1937	1943
1962	1965
1969	1975
1978	1982
2010	2013
2014	2019
2036	2043
2055	2058
2064	2070
2072	2075
2076	2084
2089	2092
2104	2107
2125	2130
2146	2152
2157	2161
2163	2168
2170	2173
2174	2178
2180	2183
2187	2190
2193	2197
2203	2206
2208	2212
2215	2230
2231	2234
2250	2256
2261	2266
2267	2271
2276	2280
2281	2290
2302	2305
2306	2312
2317	2322
2323	2327
2336	2339
2357	2360
2382	2387
2403	2406
2410	2416
2417	2438
2439	2443
2444	2449
2450	2454
2458	2461
2468	2472
2485	2494
2526	2532
2533	2536
2537	2541
2542	2545
2546	2549
2559	2562
2570	2574
2578	2583
2587	2596
2623	2628
2633	2640
2651	2657
2662	2666
2673	2678
2687	2691
2693	2698
2700	2703
2709	2712
2717	2725
2737	2740
2741	2745
2746	2751
2752	2758
2760	2763
2764	2767
2772	2775
2776	2785
2788	2791
2792	2796
2801	2807
2808	2811
2828	2831
2833	2839
2847	2850
2854	2857
2859	2867
2879	2883
2885	2889
2907	2912
2918	2921
2922	2929
2930	2940
2947	2951
2953	2956
2959	2963
2964	2968
2976	2979
2982	2985
2990	2999
3002	3008
3011	3014
3017	3024
3028	3032
3037	3043
3052	3068
3069	3075
3081	3088
3093	3098
3122	3125
3126	3130
3146	3154
3156	3160
3165	3169
3178	3181
3195	3198
3203	3206
3213	3266
3271	3279
3288	3290
3309	3312
3352	3355
3357	3360
3365	3372
3373	3379
3393	3400
3401	3404
3408	3412
3416	3419
3420	3423
3424	3427
3429	3432
3433	3437
3443	3446
3449	3453
3454	3458
3466	3471
3472	3480
3482	3486
3487	3497
3498	3510
3515	3518
3522	3527
3528	3532
3533	3539
3542	3545
3560	3563
3565	3572
3578	3581
3583	3590
3592	3597
3598	3610
3615	3618
3623	3626
