4	8
11	15
16	29
38	41
49	54
55	59
75	78
81	85
96	99
105	108
109	115
126	130
134	139
141	145
146	152
154	161
171	177
181	184
185	191
210	216
225	228
235	237
239	241
246	253
254	258
266	271
272	275
276	283
284	293
294	300
305	309
315	322
326	329
336	342
343	351
352	355
356	363
366	371
381	386
393	398
405	410
412	416
440	443
470	484
485	488
491	494
496	502
504	512
514	519
526	531
536	542
551	554
562	568
569	572
574	580
582	589
597	601
604	607
609	612
614	617
618	622
623	628
633	639
649	652
653	656
657	665
671	674
676	682
684	692
695	705
706	709
711	715
725	731
741	744
746	753
754	761
766	769
780	787
792	798
800	806
811	821
827	834
835	840
845	851
852	857
860	863
864	871
872	881
883	886
889	892
894	897
908	915
922	934
941	947
948	956
967	970
981	984
990	997
1036	1040
1042	1047
1048	1054
1057	1061
1063	1069
1070	1074
1076	1079
1080	1088
1094	1105
1109	1112
1114	1118
1119	1125
1127	1132
1134	1137
1138	1141
1143	1146
1147	1151
1155	1158
1220	1226
1233	1238
1270	1275
1278	1286
1287	1293
1300	1304
1351	1354
1365	1368
1395	1399
1407	1417
1422	1426
1427	1430
1444	1463
1468	1472
1488	1491
1492	1501
1504	1512
1533	1549
1563	1566
1567	1572
1578	1581
1589	1593
1598	1601
1603	1606
1635	1639
1657	1660
1661	1670
1676	1684
1687	1689
1690	1693
1707	1710
1714	1738
1741	1745
1750	1756
1771	1775
1778	1785
1787	1791
1792	1795
1797	1810
1811	1817
1826	1832
1860	1863
1891	1896
1909	1912
1931	1941
1942	1948
1950	1954
1976	1983
1985	1995
1996	2001
2002	2013
2014	2017
2028	2031
2033	2036
2092	2095
2100	2107
2109	2113
2127	2132
2133	2138
2145	2148
2149	2152
2171	2175
2176	2181
2182	2187
2190	2200
2203	2208
2214	2217
2220	2224
2225	2232
2234	2240
2242	2246
2247	2253
2263	2267
2268	2272
2279	2285
2294	2300
2318	2322
2323	2333
2334	2338
2345	2354
2369	2371
2378	2381
2382	2386
2387	2393
2420	2424
2436	2440
2446	2449
2453	2456
2459	2464
2468	2473
2475	2479
2497	2504
2514	2519
2520	2523
2527	2531
2535	2541
2545	2550
2556	2559
2566	2569
2584	2587
2591	2599
2605	2615
2616	2623
2624	2629
2632	2637
2639	2642
2643	2649
2650	2655
2656	2664
2665	2669
2672	2677
2678	2681
2695	2697
2700	2709
2710	2717
2718	2723
2725	2730
2731	2735
2754	2758
2759	2762
2768	2774
2776	2780
2791	2798
2800	2803
2808	2811
2812	2817
2825	2830
2833	2837
2838	2842
2843	2847
2852	2854
2859	2861
2870	2876
2877	2880
2885	2889
2895	2900
2913	2918
2929	2934
2936	2946
2949	2961
2963	2969
2971	2978
2980	2988
2995	3001
3002	3006
3007	3015
3022	3025
3030	3041
3048	3053
3054	3058
3059	3065
3082	3085
3097	3104
3106	3110
3140	3143
3147	3151
3155	3158
3165	3168
3173	3179
3180	3192
3196	3201
3202	3209
3217	3227
3252	3256
3257	3260
3267	3271
3274	3279
3308	3312
3317	3322
3324	3327
3329	3333
3335	3339
3342	3348
3350	3353
3354	3363
3367	3370
3378	3384
3385	3388
3389	3393
3395	3403
3405	3410
