1	5
14	16
19	23
24	29
32	36
44	47
49	52
54	57
58	63
66	73
75	78
85	91
92	95
96	103
111	115
123	127
129	134
142	146
148	152
153	156
167	217
218	226
241	247
255	258
259	263
270	274
276	280
290	293
315	321
339	345
348	353
355	362
363	366
367	372
374	391
402	405
417	423
425	431
437	440
442	449
451	455
458	462
465	470
471	475
488	494
496	503
505	508
513	516
518	521
534	542
552	555
556	561
563	566
568	573
578	583
584	589
594	597
598	602
603	612
616	623
634	645
651	654
655	663
665	668
669	674
675	678
679	682
696	701
708	711
714	717
722	725
729	734
739	745
746	756
761	767
768	774
776	779
791	796
798	802
816	820
821	833
835	838
839	845
859	869
871	877
884	890
891	896
905	911
913	917
918	930
935	944
951	957
959	963
1003	1008
1009	1013
1019	1023
1039	1045
1061	1064
1084	1088
1097	1103
1109	1112
1115	1118
1119	1122
1128	1135
1140	1142
1153	1156
1159	1162
1218	1221
1244	1249
1269	1271
1299	1302
1303	1307
1315	1318
1322	1327
1331	1334
1336	1339
1341	1347
1373	1376
1400	1403
1411	1414
1418	1435
1437	1458
1464	1469
1471	1475
1477	1480
1484	1487
1488	1494
1510	1516
1517	1521
1523	1526
1533	1537
1542	1546
1548	1551
1553	1559
1562	1570
1579	1584
1586	1589
1596	1600
1602	1608
1610	1613
1614	1629
1630	1635
1641	1655
1656	1665
1667	1674
1679	1684
1689	1692
1696	1700
1709	1712
1738	1742
1745	1749
1750	1753
1755	1759
1778	1781
1803	1808
1812	1815
1821	1826
1830	1833
1838	1841
1842	1845
1853	1856
1862	1872
1877	1884
1890	1893
1910	1913
1920	1926
1945	1954
1955	1957
1960	1964
1966	1969
1970	1975
1980	1987
1989	1992
1993	1998
2004	2007
2009	2017
2018	2022
2027	2031
2033	2036
2037	2043
2050	2053
2055	2062
2063	2066
2071	2075
2085	2097
2102	2108
2115	2120
2123	2133
2139	2142
2145	2148
2149	2157
2159	2162
2163	2170
2181	2186
2201	2209
2210	2213
2218	2221
2222	2225
2226	2230
2239	2248
2255	2258
2260	2266
2270	2274
2275	2280
2282	2285
2288	2291
2297	2301
2318	2322
2325	2331
2332	2337
2338	2343
2344	2347
2349	2354
2398	2406
2415	2418
2419	2423
2428	2431
2436	2440
2441	2444
2445	2451
2469	2478
2494	2496
2498	2501
2554	2561
2562	2565
2578	2583
2584	2592
2593	2597
2605	2608
2611	2615
2622	2629
2630	2634
2639	2645
2646	2652
2659	2662
2670	2675
2682	2687
2693	2698
2700	2703
2705	2712
2713	2721
2728	2736
2746	2751
2752	2757
2763	2768
2769	2772
2777	2780
2792	2800
2801	2807
2809	2814
2816	2821
2822	2833
2840	2846
2847	2857
2865	2870
2878	2881
2884	2888
2935	2938
2948	2952
2970	2983
2986	2989
2992	2996
2998	3001
3005	3009
3010	3014
3015	3018
3020	3023
3031	3034
3046	3049
3100	3107
3108	3111
3112	3115
3132	3136
3139	3143
3150	3171
3173	3178
