6	12
34	41
52	56
57	65
128	136
137	141
145	147
148	151
155	157
161	163
164	173
175	179
180	183
199	208
210	216
220	224
231	234
235	238
248	251
257	260
264	267
293	296
304	313
336	339
346	351
354	359
364	369
371	374
378	381
387	396
397	403
404	408
440	443
448	451
455	459
463	468
469	474
477	484
492	497
503	510
517	521
522	526
527	530
537	542
546	551
552	556
557	560
561	566
569	575
576	581
603	607
613	617
618	623
644	650
652	655
661	665
669	672
737	742
744	747
749	752
757	760
769	775
776	780
782	788
800	804
822	830
833	837
839	842
843	847
848	857
858	861
874	878
884	886
916	918
946	949
950	954
956	959
963	971
974	977
980	985
998	1004
1021	1024
1036	1040
1041	1048
1051	1054
1069	1072
1076	1081
1084	1089
1116	1120
1121	1124
1129	1143
1160	1165
1176	1179
1191	1195
1210	1213
1217	1221
1224	1230
1236	1239
1317	1320
1321	1328
1329	1333
1334	1340
1342	1345
1347	1350
1353	1356
1364	1367
1371	1375
1386	1390
1394	1397
1399	1402
1403	1413
1415	1435
1436	1439
1461	1464
1465	1474
1475	1480
1482	1486
1493	1497
1499	1506
1509	1512
1514	1520
1527	1536
1537	1540
1570	1573
1574	1577
1578	1582
1585	1590
1593	1600
1609	1612
1620	1624
1626	1631
1634	1638
1651	1655
1699	1701
1702	1706
1722	1731
1732	1736
1756	1767
1770	1773
1784	1793
1794	1800
1812	1815
1819	1822
1824	1828
1839	1842
1857	1863
1869	1872
1875	1879
1880	1885
1891	1895
1896	1905
1912	1915
1920	1924
1929	1933
1939	1943
1945	1951
1954	1962
1963	1970
1971	1977
1980	1988
1991	1994
1998	2002
2003	2010
2011	2017
2019	2025
2026	2031
2048	2052
2053	2056
2057	2061
2062	2065
2086	2089
2090	2094
2101	2109
2110	2115
2125	2129
2130	2132
2135	2138
2141	2145
2146	2149
2152	2155
2158	2164
2165	2169
2178	2194
2202	2205
2212	2215
2256	2265
2289	2292
2303	2307
2308	2314
2326	2329
2330	2334
2335	2341
2349	2356
2357	2361
2362	2369
2375	2382
2385	2388
2389	2394
2397	2401
2402	2408
2409	2412
2413	2418
2420	2424
2425	2432
2434	2440
2441	2444
2449	2452
2453	2462
2465	2468
2469	2474
2476	2479
2491	2501
2502	2508
2510	2513
2531	2535
2537	2553
2555	2559
2561	2567
2575	2578
2586	2594
2596	2601
2603	2607
2609	2613
2637	2640
2657	2663
2664	2668
2671	2674
2675	2678
2682	2685
2689	2693
2699	2708
2709	2716
2752	2755
2765	2768
2799	2802
2804	2808
2809	2812
2816	2820
2831	2834
2836	2848
2852	2855
2856	2861
2866	2871
2873	2881
2882	2886
2890	2895
2896	2901
