12	18
49	56
58	61
64	69
81	85
95	100
104	107
117	121
123	126
127	135
138	141
148	151
166	169
192	198
201	204
208	213
250	253
254	262
264	267
281	287
292	296
304	309
310	313
317	323
324	328
332	341
342	349
351	355
360	363
365	369
381	389
390	397
399	406
407	413
417	422
424	435
436	444
446	449
452	455
456	462
505	511
512	515
519	527
540	545
547	552
564	567
647	651
661	665
667	670
672	675
682	686
687	693
697	700
703	708
715	723
728	735
737	740
742	748
749	757
758	762
778	780
784	786
805	807
813	817
818	821
827	831
838	842
856	860
1226	1228
1232	1234
1255	1257
1287	1290
1295	1299
1308	1311
1333	1335
1342	1344
1366	1372
1374	1378
1381	1385
1393	1398
1399	1404
1406	1411
1418	1421
1432	1441
1447	1451
1457	1463
1471	1474
1495	1504
1517	1526
1528	1534
1536	1540
1544	1548
1549	1554
1555	1561
1572	1575
1577	1581
1586	1589
1591	1595
1596	1603
1612	1621
1630	1633
1639	1653
1654	1662
1667	1671
1672	1687
1693	1696
1716	1719
1722	1725
1728	1738
1742	1746
1748	1757
1763	1766
1768	1771
1773	1779
1780	1785
1786	1791
1798	1802
1804	1817
1818	1834
1835	1841
1842	1845
1846	1852
1863	1868
1880	1885
1887	1890
1893	1901
1906	1910
1911	1914
1915	1918
1921	1925
1929	1932
1941	1944
1948	1953
1954	1959
1966	1975
1977	1982
1986	1995
2000	2005
2006	2011
2015	2020
2028	2032
2080	2083
2099	2103
2112	2115
2133	2136
2162	2166
2167	2172
2183	2187
2191	2197
2198	2204
2209	2212
2220	2226
2229	2232
2235	2241
2242	2248
2249	2254
2259	2262
2268	2273
2275	2281
2282	2285
2288	2292
2294	2299
2302	2305
2318	2323
2327	2332
2334	2349
2407	2410
2412	2415
2416	2422
2424	2429
2430	2441
2442	2448
2449	2456
2461	2467
2471	2479
2482	2487
2490	2494
2498	2503
2504	2507
2512	2519
2520	2524
2526	2529
2531	2536
2538	2543
2544	2548
2552	2558
2559	2562
2574	2580
2583	2587
2597	2601
2604	2608
2609	2613
2614	2618
2623	2626
2631	2634
2638	2641
2642	2644
2648	2652
2653	2657
2676	2679
2683	2688
2689	2696
2702	2708
2719	2725
2729	2734
2742	2745
2748	2751
2752	2756
2759	2762
