0.000000 1.000000 0.581897 0.064904 0.382770
0.717194 1.000000 0.608249 0.383665 0.000000
0.221507 1.000000 0.479503 0.193952 0.000000
0.507158 1.000000 0.338791 0.284293 0.000000
0.484838 1.000000 0.332317 0.402598 0.000000
0.606614 0.942162 0.183462 1.000000 0.000000
0.184648 1.000000 0.372811 0.000000 0.040267
1.000000 0.569546 0.364531 0.177969 0.000000
0.364242 0.913885 1.000000 0.000000 0.191529
0.809260 0.900599 1.000000 0.203890 0.000000
0.625932 1.000000 0.689514 0.189111 0.000000
0.783819 1.000000 0.748265 0.284129 0.000000
0.000000 0.276913 0.524028 1.000000 0.603058
0.429674 0.999296 1.000000 0.763141 0.000000
1.000000 0.707601 0.492971 0.116447 0.000000
0.346492 0.893288 0.661540 0.000000 1.000000
0.162052 1.000000 0.226964 0.000000 0.578522
0.235238 1.000000 0.361800 0.026355 0.000000
0.272639 1.000000 0.528512 0.066989 0.000000
0.385119 1.000000 0.407050 0.360940 0.000000
0.038870 0.618158 0.032016 0.000000 1.000000
0.270651 1.000000 0.000000 0.115971 0.887484
0.398149 1.000000 0.761189 0.283915 0.000000
0.308314 1.000000 0.591975 0.189791 0.000000
0.427307 1.000000 0.539840 0.119672 0.000000
1.000000 0.906890 0.509920 0.363634 0.000000
0.094452 0.752195 0.183842 0.000000 1.000000
0.050259 1.000000 0.080249 0.000000 0.984996
1.000000 0.932586 0.468902 0.347711 0.000000
0.245412 0.136418 1.000000 0.000000 0.359074
0.405210 0.466861 0.223286 1.000000 0.000000
0.090489 0.331648 1.000000 0.015174 0.000000
0.276207 1.000000 0.254467 0.294936 0.000000
0.773955 1.000000 0.292190 0.276407 0.000000
0.201124 1.000000 0.502571 0.029368 0.000000
0.000000 0.192578 0.199226 0.059424 1.000000
1.000000 0.899812 0.315150 0.817973 0.000000
0.248381 0.367292 0.186771 1.000000 0.000000
0.117398 1.000000 0.157918 0.000000 0.141153
1.000000 0.962409 0.275114 0.411996 0.000000
0.075893 1.000000 0.783655 0.000000 0.010980
0.918396 0.987879 0.450462 1.000000 0.000000
0.493448 1.000000 0.266331 0.404003 0.000000
0.296182 1.000000 0.517432 0.160056 0.000000
0.164707 1.000000 0.000000 0.077877 0.996111
0.016437 1.000000 0.000000 0.103126 0.651866
0.013945 0.481324 0.000000 0.056583 1.000000
0.000000 0.033551 0.122308 0.034854 1.000000
0.474064 0.000000 1.000000 0.199740 0.975410
0.634287 0.945848 1.000000 0.133076 0.000000
1.000000 0.000000 0.545171 0.341539 0.163231
0.342800 1.000000 0.319414 0.225165 0.000000
0.000000 1.000000 0.127618 0.036345 0.066772
0.211253 1.000000 0.613897 0.088847 0.000000
0.096279 0.864146 1.000000 0.299354 0.000000
0.000000 1.000000 0.389834 0.329578 0.708880
0.052479 0.455893 1.000000 0.082323 0.000000
1.000000 0.898823 0.245910 0.181331 0.000000
0.229460 1.000000 0.581639 0.000000 0.218382
0.000000 0.073064 1.000000 0.129487 0.327909
0.344445 1.000000 0.252197 0.207716 0.000000
0.129969 0.676093 0.000000 0.012602 1.000000
0.052027 0.680395 0.072903 0.000000 1.000000
0.047768 1.000000 0.000000 0.008690 0.768083
0.627110 0.507761 0.301405 1.000000 0.000000
0.468638 1.000000 0.842787 0.193964 0.000000
0.114072 1.000000 0.700660 0.099402 0.000000
0.086574 1.000000 0.678597 0.016251 0.000000
0.000000 1.000000 0.125403 0.043225 0.127286
0.502923 1.000000 0.305360 0.357512 0.000000
0.835288 1.000000 0.227374 0.372502 0.000000
0.000000 0.085394 1.000000 0.014864 0.156119
0.000000 0.144670 1.000000 0.080120 0.072535
0.585025 1.000000 0.475286 0.278946 0.000000
1.000000 0.000000 0.675971 0.072750 0.084045
1.000000 0.000000 0.526867 0.016607 0.035232
0.237013 1.000000 0.393597 0.082211 0.000000
0.511472 1.000000 0.559132 0.427381 0.000000
0.105630 1.000000 0.000000 0.026941 0.809352
0.981743 1.000000 0.661378 0.304942 0.000000
0.293285 1.000000 0.331228 0.265221 0.000000
0.273361 0.773795 0.370718 1.000000 0.000000
0.019861 0.164375 1.000000 0.000000 0.178082
0.220445 0.474875 1.000000 0.000000 0.056308
0.357988 1.000000 0.443758 0.065985 0.000000
0.767716 1.000000 0.619889 0.344404 0.000000
0.600946 1.000000 0.475646 0.319835 0.000000
0.000000 0.102047 1.000000 0.049902 0.305835
0.309125 1.000000 0.841874 0.432236 0.000000
0.354652 1.000000 0.468583 0.301411 0.000000
0.606952 1.000000 0.220905 0.636751 0.000000
0.165134 1.000000 0.584585 0.000000 0.061766
0.610783 1.000000 0.255002 0.356794 0.000000
0.425857 1.000000 0.090765 0.142674 0.000000
0.000000 0.308032 0.212043 0.031234 1.000000
0.010062 1.000000 0.492520 0.154544 0.000000
0.215107 0.836939 1.000000 0.206436 0.000000
0.000000 0.719707 1.000000 0.130943 0.938582
0.276303 1.000000 0.536890 0.000000 0.116147
0.538800 1.000000 0.331724 0.000000 0.117337
0.041763 0.535239 0.000000 0.045168 1.000000
0.403395 1.000000 0.000000 0.040892 0.408898
0.046230 0.950544 0.126616 0.000000 1.000000
0.000000 1.000000 0.109020 0.569259 0.503987
0.000000 0.159737 0.082432 0.699556 1.000000
0.120343 0.616853 0.493169 1.000000 0.000000
0.306716 1.000000 0.236620 0.601388 0.000000
0.000000 0.043955 0.179032 0.027983 1.000000
0.433916 0.774876 0.220768 1.000000 0.000000
0.628554 1.000000 0.303371 0.258431 0.000000
0.000000 0.036870 0.119557 0.043675 1.000000
0.438851 0.950737 1.000000 0.000000 0.402456
0.117763 1.000000 0.014178 0.000000 0.646159
0.000000 0.020501 0.084520 0.020268 1.000000
0.040023 1.000000 0.038026 0.000000 0.837637
0.002081 0.342426 0.009315 0.000000 1.000000
