0.074080 0.162940 0.101960 0.081170 0.063110
0.088149 0.162726 0.113647 0.082890 0.081097
0.074209 0.162940 0.115466 0.084550 0.066986
0.074080 0.162940 0.103120 0.081161 0.064075
0.078521 0.181909 1.849411 0.089622 0.099852
0.050590 0.651248 2.118486 0.231777 0.252074
0.556606 2.600284 0.333221 0.909145 0.635281
0.072058 0.119603 0.526242 0.140430 0.888974
0.057883 0.170757 0.266181 0.133462 1.000293
0.741428 2.940157 1.145948 0.388497 0.617126
3.633676 9.157002 4.445846 1.043180 0.241970
0.932261 3.917325 2.095988 2.481582 0.121629
0.744097 2.647385 0.504766 0.646093 0.190722
2.997671 7.341382 2.080925 4.671178 0.137836
0.189948 1.504784 1.735009 0.227892 0.849313
3.134886 4.005539 2.250466 1.957183 0.388879
0.197450 0.598786 0.436855 1.595966 0.167848
3.269777 2.782588 1.560896 0.534806 0.061363
7.203706 8.045506 1.938981 1.264633 0.081789
2.212247 2.410583 1.682959 0.917349 0.226743
9.473008 11.518495 1.828214 2.789627 0.051766
0.874215 2.323857 0.930489 0.725351 1.649042
7.390272 4.142010 1.479850 5.158328 0.150265
8.452705 3.008422 1.632568 1.493216 0.072452
4.340710 9.584832 5.119677 10.647971 0.033222
17.858776 13.032457 2.690437 12.962136 0.059847
0.090416 0.218652 0.991539 0.180531 0.142508
1.798471 5.601295 0.550340 0.602985 0.027358
3.862665 8.605174 2.956809 2.201408 0.031383
0.882059 4.243439 0.668464 0.715973 0.169928
0.746899 2.226886 3.027035 0.546494 0.277200
2.622853 7.086934 0.551702 2.574296 0.081678
1.297935 3.926801 1.356432 0.522476 0.093222
1.320744 2.810107 1.575042 0.412795 0.486333
0.069996 0.648010 0.289860 0.169539 0.821437
0.033337 0.098735 3.311521 0.262837 1.256915
1.349305 5.184867 3.476094 2.485051 0.042512
5.432407 11.548453 2.385219 2.751654 0.035066
2.818412 6.834158 2.172121 1.721181 0.171976
0.087851 0.076700 0.318711 0.267959 0.094346
0.652885 1.899800 1.458079 0.431464 0.288075
4.684211 5.997897 3.009407 2.768999 0.036687
0.121246 0.092544 0.339118 0.342512 0.091278
4.034376 6.543975 1.552005 2.934834 0.032054
2.604532 5.215190 1.939315 1.104521 0.045075
2.300161 6.488886 2.482325 3.196953 0.157906
0.838946 3.914037 1.273971 0.998366 0.228073
0.061390 0.109827 1.076515 0.224157 0.607047
1.562909 3.087164 0.639437 1.113577 0.448720
3.480192 12.165743 1.745916 13.998583 0.436035
4.965697 0.160211 0.758143 1.773212 0.419953
1.245264 1.107760 1.468707 0.543337 0.427844
0.226428 0.213261 4.459587 0.585324 0.403323
0.043683 0.233251 0.351472 0.170822 0.485107
0.246807 2.112136 1.503418 0.905676 0.384685
0.733827 5.028497 0.718248 0.678396 0.063619
0.645562 5.428515 2.224201 0.338873 3.700588
0.073201 0.140047 0.878083 0.160089 4.465192
0.628181 5.894580 0.324281 0.432483 3.035972
1.082593 3.829066 2.734575 1.005511 0.161389
0.407557 1.409966 0.322025 0.286897 0.233902
1.683970 5.884706 1.459952 0.500299 0.071547
0.842693 0.073466 3.556632 0.328556 0.146829
1.722588 3.827118 1.328213 0.518490 0.141236
0.046647 0.161218 1.230715 0.227037 0.219542
0.054688 0.536952 0.865396 0.199242 0.686621
0.697196 0.074192 3.221070 0.277694 0.419596
7.323008 7.209690 0.418202 1.522688 0.083364
5.412601 0.417311 1.233339 1.463288 0.103011
1.006122 0.135662 2.614015 0.924739 0.148905
2.181197 7.218974 1.879361 2.154177 0.032237
1.492373 5.559106 0.702852 1.842099 0.156792
1.020657 4.220350 1.292623 0.891977 0.066479
2.507650 1.603878 1.672124 0.855547 0.288370
0.186527 1.096761 2.510702 0.254113 0.284300
1.527854 3.816660 0.867009 1.018375 1.130742
0.041306 0.098893 1.440795 0.169414 0.503582
0.053033 0.120758 0.469810 0.150332 0.778965
0.065558 0.118972 0.283094 0.294659 0.618570
8.075796 10.297188 2.085806 6.139536 0.041664
1.136548 4.386462 0.339976 0.819515 0.073597
3.734996 4.836076 0.475119 1.188561 0.043351
1.505593 2.891532 1.888155 0.275339 0.059759
0.863623 3.599689 1.131918 0.291648 0.179578
0.681406 1.398316 3.255729 0.788978 0.246885
0.059602 0.124714 1.453586 0.245841 0.386364
0.603734 3.589895 0.470742 0.443155 0.285865
4.943517 1.779529 2.369920 0.805847 0.016002
1.316554 3.615654 2.476178 0.957631 0.035447
4.922499 6.950938 0.412836 1.411999 0.054970
0.091161 0.095118 1.360353 0.386024 0.287891
0.264084 0.278773 2.589458 0.230860 0.195866
0.844446 2.023007 2.307813 0.326523 0.185945
1.283881 2.977579 0.599253 1.023568 0.096742
1.255823 3.938318 1.948928 0.353243 0.073897
0.386962 1.132137 1.847813 0.514255 0.309480
2.026541 4.569594 3.857520 0.656059 0.060676
1.433674 3.496455 1.916114 0.316455 0.081955
4.524199 1.686247 1.863399 0.646445 0.047678
2.616625 2.972671 1.031285 2.223015 0.085539
0.217080 0.039642 3.937203 0.434779 0.042246
0.094685 0.050133 0.334316 0.315060 0.598416
0.197458 0.050190 0.339390 0.434270 0.182698
0.181738 0.094580 0.705824 0.381540 0.337608
0.048897 0.073652 0.453981 0.265100 0.651068
0.707158 3.176271 0.431551 0.597967 0.807897
0.397753 1.509114 0.545783 4.608927 0.219122
0.036058 0.104709 0.844255 0.665564 0.888016
0.161361 0.295439 0.295758 0.211661 0.415076
0.042733 0.081652 0.459881 0.163204 0.755919
0.048745 0.112182 1.221444 0.152428 1.493240
0.054575 0.122878 1.723343 0.315630 0.406027
2.457833 8.549185 0.285851 1.699564 0.029749
1.586438 7.801579 2.969929 2.292625 0.036869
2.059772 4.169331 1.516163 3.929528 0.281925
0.830368 1.831457 1.495658 0.933168 0.173606
0.407611 1.524528 3.271863 0.439089 0.193843
0.460069 0.072541 1.318922 0.704066 0.211848
8.076390 5.876079 0.332384 0.956306 0.019214
8.191696 3.162544 2.418904 0.515551 0.044348
0.345171 0.067982 3.256831 0.314286 0.145245
3.168267 0.313538 0.331794 1.026825 0.066525
0.441908 2.078919 1.681522 0.900469 0.524396
0.328885 1.633484 1.304867 0.243938 0.629762
1.330121 0.040883 1.425301 0.335619 0.052625
5.998380 2.020179 1.943267 0.870114 1.320263
0.079681 0.134223 0.428303 0.158492 0.298196
4.141210 8.506184 0.713509 1.326003 0.193631
0.487241 1.856510 0.688295 0.433579 0.169538
0.116553 2.314789 0.724738 0.180844 0.641592
0.141636 1.922136 1.584385 0.277598 0.534038
0.084502 0.161660 0.254038 0.129213 0.914407
0.078890 0.156552 1.236254 0.156325 0.869466
0.067234 0.134961 0.279088 0.132238 1.601384
4.987919 6.565668 1.474000 0.285578 0.282202
0.078678 0.166074 0.670651 0.175444 0.768837
0.075913 0.148287 0.269971 0.129452 1.781590
0.075910 0.203112 2.373570 0.177417 1.418036
0.070789 0.148904 0.277535 0.126484 2.232160
0.071152 0.145232 0.287694 0.138257 2.237197
0.073444 0.157294 0.343075 0.093303 0.822056
2.177537 6.371824 0.346489 0.769514 5.223982
0.076717 0.114723 1.972687 0.227858 0.698523
0.527481 1.756809 0.371993 0.281416 0.151970
0.092713 0.115580 0.539077 0.167029 0.330281
0.160634 1.970261 0.369875 0.178646 0.255591
0.066704 0.129254 1.640549 0.202183 0.305936
0.460160 3.702602 1.757442 0.377554 0.199675
0.162401 0.092732 0.294696 0.198056 0.126987
0.431074 1.000287 0.523556 0.412962 0.649052
3.995170 9.031765 0.738777 0.492391 0.109124
0.064331 0.141840 1.121963 0.190289 0.215624
0.441866 4.538100 0.340207 1.016231 0.132847
0.643645 2.759660 3.545203 0.191493 0.349490
0.068669 0.126899 0.359205 0.141734 0.408661
0.129090 0.192414 1.131960 0.183822 0.605696
0.109683 0.903388 0.630787 0.207006 0.480832
0.168676 1.733495 2.010431 0.642458 0.110627
4.300991 9.476854 4.238690 2.120935 0.042746
0.153079 0.063377 0.976794 0.282884 0.055664
1.005627 3.699604 1.719799 0.558581 0.178182
0.060778 0.134707 0.379066 0.144704 1.292113
0.064672 0.117224 0.274705 0.125316 0.423663
0.222948 0.116895 1.149732 0.146644 0.181229
0.197165 1.054959 0.312330 0.178169 0.586215
0.073630 0.251700 2.397301 0.212069 0.073688
1.380462 6.574574 0.762268 1.976663 0.211911
1.952287 3.290594 2.122831 2.695154 0.141098
1.253740 5.278253 1.056397 0.924280 0.050435
1.102407 0.072077 0.355674 0.336409 0.039338
2.305658 4.548357 1.799849 1.453818 0.068720
0.551616 0.709368 3.558457 0.532384 0.093854
0.921095 4.181045 2.209351 0.381021 0.582201
0.072720 0.149470 1.391056 0.165659 1.502403
0.070436 0.154310 0.214427 0.124771 1.740994
0.073307 0.160854 0.121456 0.090603 0.533384
0.912258 2.742635 0.390926 0.765950 3.689658
0.064776 0.140747 0.262252 0.134531 2.528969
0.067150 0.149739 0.270098 0.132684 3.134408
0.063708 0.139273 0.285626 0.149227 4.237325
0.066409 0.141383 0.240550 0.126635 2.756417
0.068505 0.147393 0.877919 0.144372 2.054759
0.843036 3.554684 1.157163 0.416004 1.602603
0.078539 0.133665 0.289065 0.193827 3.136522
0.070946 0.181340 0.840414 0.176527 1.200286
0.071942 0.149125 0.280270 0.167583 3.062810
0.966554 5.632189 0.680501 0.492444 4.103931
0.083857 0.738573 0.304188 0.258429 6.205749
0.911487 5.883206 1.224689 0.476921 3.254391
0.092505 0.557368 0.357049 0.213475 2.520654
1.152608 3.340882 0.278164 0.796299 5.737624
1.004035 3.463943 0.935553 0.989402 4.666211
2.602236 4.044097 1.269679 1.496922 2.112588
1.167791 2.778602 0.296442 1.016888 2.014409
0.078030 0.197383 0.260483 0.154457 0.821982
3.211694 8.092878 2.222475 0.902439 1.461074
2.093884 12.327926 2.561408 1.658287 0.056459
0.074402 0.092551 0.426137 0.179955 0.252982
0.829036 0.834105 3.293174 0.634036 0.225455
0.236088 0.079515 0.311439 0.284335 0.107072
0.231038 0.272303 2.853825 0.950675 1.768138
0.430931 3.347307 1.142385 0.279461 0.437967
2.287704 4.835228 2.133503 2.893743 0.070487
2.788572 3.413357 0.334484 0.517381 0.048678
6.667964 4.776162 1.359705 1.710136 0.082573
1.531114 7.081948 3.569464 0.898211 0.073216
1.936324 7.447887 0.401599 1.597384 0.043888
0.655046 3.404299 1.999103 0.815213 0.054331
1.072031 9.205158 6.393910 2.184596 0.065428
0.129120 0.357016 1.601736 0.281667 0.058467
3.343337 7.073324 1.766910 1.728506 0.128402
0.668467 3.860457 3.579252 0.561322 0.165632
2.787834 4.387804 1.582717 0.351747 0.057411
1.931197 5.770179 0.829023 2.973938 0.038899
1.157589 5.521759 1.595563 0.595516 0.061136
0.219903 0.064475 0.520242 0.251971 0.077030
9.618623 4.309131 0.642694 3.178978 0.305429
1.816307 3.424680 4.094326 0.321201 0.031812
1.022589 5.101172 2.118040 0.510223 0.045565
3.265984 5.772363 0.356005 0.752475 0.037704
0.122817 0.063908 1.257735 0.274217 0.043236
4.615970 2.930673 0.319253 4.300228 0.255234
10.000300 0.146272 2.796199 1.563021 0.086005
7.435639 5.559822 0.380761 0.698747 0.090495
0.938405 0.069718 1.921593 0.370134 0.345943
0.476707 2.014821 2.500982 0.352589 0.107424
1.561768 3.281669 0.346094 0.384208 0.497528
2.000716 5.619858 1.618065 2.091048 0.207678
0.612785 3.061489 2.148747 0.261302 0.108828
0.069095 0.460555 2.516839 0.272187 0.175428
2.985147 4.872309 2.045382 2.090920 0.045836
1.725646 6.689588 2.399874 1.683296 0.060835
0.152325 1.010406 0.290188 0.398580 2.492094
0.108170 1.804273 1.108548 0.265660 1.878723
0.664368 2.416701 0.967751 0.248903 1.753867
1.166605 4.067011 1.417180 0.474644 3.461445
0.704147 4.328703 0.650378 0.402665 2.982057
0.659717 2.518140 1.080441 0.249642 4.333107
0.909609 2.514113 1.038545 0.302278 6.519183
1.120219 4.172755 2.649718 0.872713 3.167704
0.630517 2.945589 0.297837 0.408369 4.169700
1.024395 5.825186 2.174872 1.257036 4.570902
0.428159 2.335444 1.907450 0.497140 3.622034
1.156895 6.350732 0.335550 0.956794 4.121937
0.073480 0.149058 0.345384 0.191020 3.570309
0.778686 3.239441 0.302218 0.215563 4.622673
0.596182 2.586636 0.302519 0.244409 2.002038
0.294279 2.204086 0.746843 0.356741 2.162180
0.241623 3.010160 0.307672 0.155455 1.184006
0.481653 4.583335 0.447726 0.353867 2.851321
0.079316 0.137212 0.325549 0.287943 7.977754
1.268068 4.171896 1.618456 0.336978 1.032148
1.177066 5.147611 1.092008 1.012048 1.975045
2.211314 12.228506 1.975330 1.959432 0.059392
4.388106 11.453285 0.712131 2.092489 0.103191
10.765535 10.577825 7.242755 29.981206 0.045378
0.596683 4.595868 2.853108 0.735869 0.209251
0.139508 4.057920 0.660076 0.283658 0.465827
3.024497 12.187973 0.372506 6.009603 0.040271
2.554728 7.575587 6.151852 1.086470 0.046742
6.699791 1.942945 1.191584 0.531257 0.019365
11.058516 0.065731 3.290004 0.564691 0.012135
2.875965 6.308103 0.689234 1.393169 0.025066
17.194450 12.330103 1.736264 20.368032 0.035595
0.366776 0.167109 1.032223 0.254544 0.397576
0.080238 0.078796 2.566428 0.232845 0.239107
0.066436 0.094933 0.327641 0.162306 0.570899
1.154958 0.150512 0.822991 0.190619 0.424838
0.128424 0.103156 1.472382 0.170762 0.485123
0.705533 0.117265 0.325274 0.181274 0.666684
0.272449 1.452058 0.457850 0.206764 0.627739
0.072842 0.118397 2.478134 0.234344 0.408475
0.361831 0.086508 0.282170 0.305432 0.384827
0.070095 0.126344 0.299935 0.173741 0.697067
2.428886 3.575553 1.641365 1.152562 0.571555
6.827119 10.585938 1.249875 3.927350 0.029419
11.647357 8.928371 0.707222 46.348540 0.061219
6.525344 1.143491 5.053775 3.021503 0.051126
0.553545 2.718730 0.431345 0.293527 0.175970
0.554927 1.753556 0.524313 0.485704 0.227698
0.984069 2.982924 1.975996 1.044860 0.125933
1.352889 7.230254 3.662026 0.710219 0.343202
1.965951 3.256905 4.008861 1.252816 0.026394
0.051415 0.085601 0.974011 0.214511 0.128277
0.159613 0.496505 1.325873 0.158969 0.462840
0.097755 0.146394 0.377109 0.143342 0.790320
0.050555 0.135662 1.689396 0.212126 0.780523
0.534150 0.302994 0.385043 0.389035 0.083996
1.539496 5.376109 1.971465 1.550546 0.087116
0.682404 2.130407 2.650343 0.412176 0.066467
3.271330 8.168113 0.805227 4.049537 0.017287
0.594627 2.982575 3.015595 0.228339 0.229492
0.071054 0.149559 0.254812 0.145439 0.765477
0.815684 2.632597 0.401324 0.566932 0.237201
0.074802 0.140122 0.312321 0.187029 4.018791
0.083226 0.164045 0.345741 0.188765 1.108604
0.071529 0.151079 0.284895 0.155401 1.062749
0.076005 0.152237 1.041694 0.197074 0.538731
0.072562 0.151118 0.263080 0.137692 0.934953
0.065799 0.141657 0.278118 0.124142 1.672172
0.068231 0.141002 0.310399 0.141339 1.040451
0.073608 0.131476 1.100563 0.150553 0.336742
5.767895 6.679256 1.103001 0.909950 0.608868
0.088668 0.301273 3.462351 0.448520 0.812183
2.790167 2.777069 0.354802 0.953063 0.075343
3.111947 0.037003 2.154241 1.748968 0.007706
2.782479 5.737579 0.317432 2.024022 0.082994
3.261677 6.990861 0.350937 1.328662 0.054242
2.760507 8.141341 1.195602 1.131252 0.135881
0.081805 0.369908 0.490890 0.205404 0.441028
0.067756 0.133119 0.286551 0.146374 0.579813
0.049568 0.206491 3.209585 0.210014 0.319749
0.066242 0.143514 1.062080 0.178795 1.628831
0.065295 0.152412 0.270333 0.131770 1.866742
0.071440 0.153328 0.293462 0.153480 1.869074
0.066877 0.147054 0.288639 0.123935 2.254792
0.354139 1.761650 0.264877 0.539389 1.104955
0.067800 0.146777 0.387933 0.123849 1.381477
0.071954 0.147909 0.265432 0.139783 1.161527
0.065814 0.141849 0.325328 0.149167 0.639328
0.257015 0.277158 2.038810 0.179010 0.189236
12.169992 9.689534 1.041437 8.644852 0.354032
0.887593 2.058092 1.677842 2.202117 0.082756
2.335203 6.220994 1.577493 0.910273 0.154274
0.179698 0.088718 1.647184 0.429335 0.841158
1.618812 0.426144 0.281302 0.489536 0.392537
3.105900 3.393857 0.393216 22.809770 0.068226
0.163654 0.048254 2.066458 0.302759 0.151319
0.575512 0.070366 1.162112 0.262216 0.068893
1.168924 3.880766 0.372881 0.603680 0.092779
1.068039 5.398761 0.408987 0.627105 0.054374
0.611246 5.338933 0.393151 1.902834 0.025111
1.546348 5.061174 0.430100 1.569615 0.049167
1.079179 4.141151 0.394323 0.486695 0.253649
0.732167 0.149423 0.941923 0.212373 0.418350
0.054587 0.113150 1.672047 0.200575 0.702951
0.740778 2.501488 0.374731 0.346603 0.898480
0.325486 1.421378 0.622837 0.303785 0.637351
0.056896 0.104455 0.300679 0.151868 1.181052
0.067478 0.132514 0.280471 0.131380 0.704733
0.064653 0.095922 0.287497 0.159991 0.619143
9.003543 7.431752 2.840261 4.191392 0.408856
4.202469 0.109571 0.753752 1.083098 0.051445
0.197643 0.094266 0.336989 0.326121 0.185325
2.984949 8.152265 1.253124 1.784709 0.039017
0.736137 3.073421 3.176153 0.410712 0.451326
2.505288 9.963062 2.670924 0.733919 0.033911
0.060010 0.947180 3.679707 0.216589 0.325424
0.389376 2.645264 1.398336 0.260109 0.141756
1.086159 3.147279 3.576323 0.407052 0.092873
4.363418 4.794436 0.646813 0.655203 1.321606
1.380671 3.788897 1.096528 0.410525 0.113123
0.047099 0.337218 0.912897 0.161037 0.513745
0.070796 0.213364 0.311675 0.230495 0.541266
0.363497 2.199798 0.751490 0.512431 0.170273
0.047464 0.133150 2.484783 0.203881 0.236553
0.198067 0.360782 0.353953 0.201384 0.351216
0.678173 3.716151 3.457073 2.249737 0.233114
0.728122 3.191816 3.589800 0.360385 0.397008
0.059165 0.144667 1.772546 0.225109 0.300482
0.764257 2.253054 1.646137 0.730103 0.319548
0.225475 0.460399 1.476640 0.250111 0.229704
0.348914 2.685751 1.547546 0.325239 0.051884
2.047013 6.657873 2.741987 1.778856 0.070776
4.067750 4.620800 1.274262 2.611704 0.169443
7.366494 8.424139 2.604811 20.806399 0.084007
5.710794 4.840342 3.784129 2.103791 0.024209
7.713084 2.031725 1.787983 1.984668 0.331641
3.164843 2.947562 2.714484 1.186583 0.020382
4.142773 0.033374 4.374326 0.754334 0.090180
4.930841 8.339021 0.939992 2.813952 0.045705
1.521561 7.130016 2.527548 2.927494 0.044900
1.088250 3.174741 0.391428 1.254392 0.250919
4.091256 1.707532 0.827353 2.341228 0.057788
0.376240 0.122408 0.371160 0.226711 0.058293
0.092652 0.113333 0.918168 0.486735 0.243829
0.740490 4.216604 1.502193 0.678509 0.486933
0.068486 0.566228 2.634087 0.420652 0.157591
2.344370 9.353388 0.834354 3.210328 0.040401
0.364177 0.076477 2.242504 0.322789 0.135635
1.813920 4.439461 0.355865 0.894181 0.048626
0.170663 1.447994 1.127979 0.284966 0.052637
0.570851 2.227391 3.113807 0.360098 0.356592
3.068170 6.048477 3.110247 0.575729 0.147056
0.222931 1.183884 0.839653 0.250790 0.673927
0.188382 0.363870 0.320425 0.236214 0.370977
1.893587 6.994335 1.347159 0.464886 0.038560
0.492964 2.282473 2.186459 0.979869 0.043564
0.783887 2.724629 0.652849 1.676156 0.034798
4.310975 0.112303 1.360197 0.955841 0.360692
0.958857 3.263092 1.714638 0.772343 0.170351
1.668122 0.062456 1.328910 0.261930 0.079580
0.333584 3.135169 1.213534 0.400433 0.065285
1.032300 5.617671 0.316606 0.814935 1.692222
0.350182 3.428212 0.342578 0.245982 6.248184
0.705467 3.770525 0.321093 0.317055 1.725280
0.616900 1.752763 0.298706 0.497550 3.558205
0.905441 2.640379 0.318450 0.434299 3.373664
1.225768 2.555853 0.294797 0.974312 3.098334
0.344909 0.154067 0.579062 0.156625 1.682461
0.221481 1.756335 0.297435 0.241105 1.593179
0.405756 2.976676 0.271125 0.158450 0.840199
0.074160 0.152533 0.271489 0.135651 2.689319
0.426913 1.600396 0.257647 0.458918 1.475709
0.154152 1.292463 0.396523 0.216403 0.918966
0.071968 0.158194 0.260533 0.124491 1.344064
0.069937 0.154674 0.289998 0.147847 1.648454
0.070707 0.154477 0.266969 0.140729 2.299587
0.245068 0.505245 0.278932 0.151300 1.755758
0.071116 0.156245 0.261312 0.123407 1.960366
0.076181 0.156311 0.264574 0.131261 3.379606
0.319395 1.262254 0.309089 0.167211 2.769612
0.079103 0.155949 0.285998 0.160575 3.200375
0.415020 1.409118 0.277237 0.265612 2.131297
0.075392 0.158931 0.275016 0.135989 1.435427
0.160031 1.411970 0.301316 0.281804 1.335137
0.074038 0.156379 0.243040 0.149499 2.232253
0.065994 0.153050 0.271863 0.170211 3.390496
0.381787 1.481832 0.287427 0.417704 1.495345
0.071510 0.193798 0.277428 0.140750 1.483330
0.551156 2.663479 0.316242 0.492750 0.509756
0.360877 1.150630 0.278343 0.437885 0.690694
0.437482 1.518618 0.300867 0.616227 0.515978
0.117659 0.145404 0.296731 0.215366 1.009201
0.083741 0.150011 0.547706 0.169837 1.217717
0.083690 0.148284 0.484257 0.279964 3.130932
0.742236 1.946788 0.319321 0.882029 1.149934
0.607374 2.767656 0.303641 0.485251 1.849262
0.087039 0.154941 0.264970 0.167493 2.685852
0.088244 0.384531 0.320212 0.150323 2.182767
0.542233 2.224774 0.295019 0.685324 2.705432
0.213979 0.975278 0.276658 0.251488 3.025274
0.135531 0.323831 0.270807 0.123448 1.446161
0.075598 0.158296 0.427680 0.146486 1.585636
0.088019 0.155027 0.292018 0.182727 1.500443
0.447051 2.279677 0.325587 0.433238 1.212837
0.711068 1.408515 0.309599 0.671758 3.521888
0.456582 1.862113 0.311952 0.275462 1.116456
0.071397 0.151727 0.268786 0.154855 2.432567
0.075730 0.159032 0.263336 0.123093 1.409546
0.073374 0.157160 0.250662 0.118658 2.079164
0.084907 0.327300 0.272925 0.156322 1.619379
0.074076 0.159265 0.272902 0.145548 1.859156
0.072962 0.158274 0.235889 0.130082 1.243862
0.072758 0.159249 0.272581 0.137727 1.618765
0.072283 0.158850 0.278713 0.137466 2.108291
0.073635 0.155922 0.260933 0.148592 2.355641
0.071261 0.158670 0.219617 0.116115 1.323456
0.075759 0.157172 0.274467 0.135749 2.039706
0.072401 0.152403 0.303306 0.146578 2.449339
0.069431 0.143164 0.358262 0.149819 3.629098
0.074402 0.157146 0.251877 0.113114 1.398103
0.105417 0.598790 0.270726 0.171139 2.735465
0.074344 0.159808 0.228866 0.127579 1.463955
0.071562 0.158767 0.247327 0.128834 2.454148
0.076045 0.159328 0.263061 0.129554 1.496598
0.071845 0.154123 0.290267 0.127006 3.165488
0.073485 0.153603 0.345863 0.149089 2.043029
0.074134 0.156568 0.271551 0.134274 2.131392
0.074254 0.158589 0.249158 0.137451 1.285842
0.071780 0.155630 0.268875 0.142780 2.435214
0.199504 2.006317 0.503048 0.250052 1.192492
0.210353 1.108488 0.306433 0.288769 0.914997
0.075983 0.156296 0.256635 0.134280 1.618255
0.141392 0.433491 0.288110 0.196832 2.879509
0.386281 3.390328 0.463727 0.447383 0.509886
0.078330 0.147958 0.293517 0.227170 3.926234
0.950157 2.363510 0.292802 1.084857 6.381017
0.073257 0.289820 0.346889 0.148483 1.466945
0.073160 0.156913 0.286703 0.136934 1.597666
0.075491 0.154120 0.262617 0.146988 2.229121
0.074625 0.154566 0.260234 0.142458 2.022081
0.072768 0.155700 0.244663 0.160809 1.177964
0.424852 1.952490 0.296174 0.280199 1.407990
0.076863 0.157071 0.268436 0.127092 1.055392
0.333351 2.279849 0.284542 0.227063 1.185996
0.082386 0.157342 0.290798 0.158355 1.766824
0.071496 0.154615 0.247724 0.139153 1.372121
0.210263 1.320323 0.321963 0.241050 0.963361
0.094071 0.159833 0.347208 0.146705 1.340621
1.314434 3.330848 0.325617 1.023434 0.919240
0.962244 1.821171 0.386578 1.140695 0.222466
0.204612 0.148877 0.277840 0.270296 2.967696
0.086333 0.141423 0.459673 0.203015 1.541375
0.076529 0.159422 0.301540 0.151379 1.272156
0.072534 0.160177 0.288360 0.143444 1.307529
0.073563 0.159258 0.248955 0.161525 2.183282
0.067718 0.155900 0.234313 0.171790 2.634868
0.073555 0.163307 0.167855 0.106683 0.319432
0.074080 0.162940 0.101960 0.081170 0.063110
0.074080 0.162940 0.101960 0.081170 0.063110
0.074080 0.162940 0.101960 0.081170 0.063110
0.074080 0.162940 0.101960 0.081170 0.063110
0.074080 0.162940 0.101960 0.081170 0.063110
0.074080 0.162940 0.101960 0.081170 0.063110
0.074080 0.162940 0.101960 0.081170 0.063110
0.074080 0.162940 0.101960 0.081170 0.063110
0.073225 0.162940 0.123293 0.082715 0.231873
0.073680 0.162641 0.114147 0.084163 0.233414
0.074080 0.162940 0.101960 0.081170 0.063110
0.074080 0.162940 0.101960 0.081170 0.063110
0.074080 0.162940 0.101960 0.081170 0.063110
0.074080 0.162940 0.101960 0.081170 0.063110
0.074080 0.162940 0.101960 0.081170 0.063110
0.074080 0.162940 0.101960 0.081170 0.063110
0.074080 0.162940 0.101960 0.081170 0.063110
0.074080 0.162940 0.101960 0.081170 0.063110
0.074080 0.162940 0.101960 0.081170 0.063110
0.074080 0.162940 0.101960 0.081170 0.063110
0.074080 0.162940 0.101960 0.081170 0.063110
0.074080 0.162940 0.101960 0.081170 0.063110
0.074080 0.162940 0.101960 0.081170 0.063110
0.074080 0.162940 0.101960 0.081170 0.063110
0.074080 0.162940 0.101960 0.081170 0.063110
0.074080 0.162940 0.101960 0.081170 0.063110
0.074080 0.162940 0.101960 0.081170 0.063110
0.074080 0.162940 0.101960 0.081170 0.063110
0.074080 0.162940 0.101960 0.081170 0.063110
0.074080 0.162940 0.101960 0.081170 0.063110
0.074080 0.162940 0.101960 0.081170 0.063110
0.074080 0.162940 0.101960 0.081170 0.063110
0.074080 0.162940 0.101960 0.081170 0.063110
0.074080 0.162940 0.101960 0.081170 0.063110
0.074080 0.162940 0.101960 0.081170 0.063110
0.074080 0.162940 0.101960 0.081170 0.063110
0.074080 0.162940 0.101960 0.081170 0.063110
0.074080 0.162940 0.101960 0.081170 0.063110
0.074080 0.162940 0.101960 0.081170 0.063110
0.074080 0.162940 0.101960 0.081170 0.063110
0.074080 0.162940 0.101960 0.081170 0.063110
0.074080 0.162940 0.101960 0.081170 0.063110
0.074080 0.162940 0.101960 0.081170 0.063110
0.074080 0.162940 0.101960 0.081170 0.063110
0.074080 0.162940 0.101960 0.081170 0.063110
0.074080 0.162940 0.101960 0.081170 0.063110
0.074080 0.162940 0.101960 0.081170 0.063110
0.074080 0.162940 0.101960 0.081170 0.063110
0.074080 0.162940 0.101960 0.081170 0.063110
0.074080 0.162940 0.101960 0.081170 0.063110
0.074080 0.162940 0.101960 0.081170 0.063110
0.074080 0.162940 0.101960 0.081170 0.063110
0.074080 0.162940 0.101960 0.081170 0.063110
0.074080 0.162940 0.101960 0.081170 0.063110
0.074080 0.162940 0.101960 0.081170 0.063110
0.073481 0.162828 0.140986 0.095322 0.264742
0.072401 0.160332 0.248036 0.130996 0.518621
0.072617 0.161894 0.246356 0.128794 0.854453
0.070039 0.155764 0.240696 0.167879 1.934408
0.070851 0.161866 0.254109 0.130315 0.789652
0.073326 0.162867 0.285920 0.127932 1.039021
0.074239 0.159027 0.269798 0.153321 1.141269
0.076573 0.159471 0.302213 0.154085 1.171291
0.073832 0.159289 0.274973 0.128061 1.188907
0.069951 0.151416 0.292615 0.149387 1.788190
0.087135 0.156094 0.321717 0.200102 0.977680
1.407807 6.094165 0.465589 0.398477 1.279728
0.074258 0.149067 0.321370 0.187101 1.303951
0.065914 0.142257 0.264744 0.125008 2.640230
0.068549 0.147570 0.291420 0.138017 2.065150
0.074795 0.152229 0.704452 0.193971 1.125210
0.071302 0.146940 0.281685 0.145903 2.870004
0.068952 0.150838 0.269782 0.141522 2.290940
0.068581 0.141270 0.281253 0.156386 2.046807
0.070004 0.149713 0.267593 0.161391 2.836078
0.070210 0.145813 0.342616 0.152634 3.066198
0.070673 0.148357 0.287684 0.151059 2.197155
0.073556 0.146643 0.551718 0.131425 2.508539
0.065029 0.143133 0.312981 0.150338 2.371965
0.067745 0.144522 0.284330 0.151396 2.479187
0.073534 0.146428 0.875823 0.176300 2.452249
0.070213 0.151495 0.307628 0.144952 2.099674
0.067167 0.132908 0.279764 0.159074 3.104093
0.070607 0.149780 0.507945 0.165133 2.260219
0.070336 0.149542 0.298680 0.168564 1.523001
0.081602 0.155555 1.802616 0.198585 0.626252
0.073181 0.165856 0.273599 0.152861 0.857326
0.073201 0.146333 0.287718 0.158473 0.803583
0.083129 0.108230 1.046468 0.176000 0.651131
0.280294 0.080191 0.369250 0.301180 0.481876
1.092535 0.091997 1.048756 0.255581 0.758420
0.077313 0.126032 0.316701 0.152952 0.983739
0.064468 0.127733 0.430976 0.149515 1.045995
0.056867 0.126285 0.541646 0.138135 1.367226
0.065899 0.141379 0.280336 0.145852 0.702532
0.335697 3.043085 0.307654 0.489628 0.268178
0.137454 0.125844 1.160299 0.160071 0.859784
0.062304 0.132286 0.310225 0.130278 1.440128
0.066644 0.138669 0.271973 0.169655 1.809560
0.055711 0.128493 0.270214 0.125199 2.090985
0.064828 0.134595 0.445593 0.133371 0.863047
0.055944 0.152405 1.185124 0.123239 0.650649
0.061661 0.123544 0.493754 0.148739 0.274561
1.179257 4.791984 1.399660 1.216267 0.149535
4.361579 2.426047 1.697962 0.751915 0.261994
0.747935 2.024845 2.667633 0.590135 0.130323
0.044766 0.112630 2.046700 0.151211 0.187892
0.154990 2.790572 0.311585 0.241663 0.150346
0.062920 0.163405 1.166496 0.186083 0.274132
0.392314 3.038737 0.324547 0.253143 0.327241
0.390985 0.145739 0.393180 0.217424 0.217693
0.143191 0.122350 0.559632 0.255271 0.167493
0.060626 0.122040 0.318718 0.180167 0.643165
0.059165 0.127661 0.287681 0.145007 1.716993
0.068361 0.143500 0.277659 0.139153 1.817173
0.067218 0.559805 0.565626 0.159165 0.935864
0.064247 0.127934 0.286499 0.163775 1.804863
0.060387 0.133369 0.268104 0.149312 2.915620
0.059200 0.132109 0.270462 0.137495 2.168221
0.069846 0.142741 0.265983 0.148689 2.731633
0.059175 0.133803 0.274145 0.159799 2.794659
0.063772 0.137825 0.291678 0.161231 2.185169
0.055162 0.128710 0.283155 0.149702 2.356255
0.065254 0.140238 0.279635 0.150792 1.584673
0.054199 0.108443 4.030988 0.211664 0.128094
0.057856 0.494787 0.315000 0.161522 0.289172
0.070650 0.136893 0.757988 0.154741 0.313512
0.059791 0.148659 0.581970 0.148258 0.583770
0.054014 0.126515 0.312117 0.178360 0.428794
0.060683 0.130311 0.309186 0.167351 0.299495
0.069102 0.139469 0.339455 0.164646 0.240199
0.064686 0.126520 0.359440 0.188086 0.236274
0.063818 0.082100 1.648655 0.263610 0.360673
1.658018 0.035905 0.769342 0.582375 0.156141
0.070646 0.081874 0.333407 0.190311 0.438337
3.656454 0.084030 0.274556 0.928256 0.244317
0.396498 0.079149 0.325931 0.270951 0.058483
8.031013 5.144094 0.980983 0.946615 0.017824
1.769902 3.339665 0.386016 0.827571 0.278259
0.342303 0.096430 0.289487 0.155113 0.356391
0.084297 0.120101 0.386857 0.165077 0.234325
0.064404 0.118994 0.775992 0.174057 0.403807
0.240701 0.116033 0.336152 0.149669 0.533877
0.074235 0.134657 0.259266 0.130603 0.663406
0.102627 0.134744 0.290810 0.148607 0.638053
0.069721 0.130240 0.309464 0.158692 0.772780
0.063712 0.137262 0.307779 0.179542 0.792193
0.068565 0.140868 0.306133 0.162101 1.382252
0.069735 0.145239 0.299696 0.163581 1.687948
0.064890 0.148662 0.291975 0.175278 1.311626
0.064625 0.139413 0.296708 0.164493 1.763396
0.064402 0.157082 1.132198 0.152426 0.871918
0.063709 0.136765 0.296165 0.159024 1.312284
0.072673 0.142908 0.306038 0.133033 1.043578
0.064816 0.138088 0.285400 0.135772 0.699279
0.059843 0.148712 1.539702 0.200279 0.231988
0.064072 0.131629 0.792994 0.139811 0.280516
0.930176 3.647881 1.231204 0.335735 0.203873
1.389382 0.136864 0.435651 0.289035 0.120222
1.834525 4.384166 0.327220 2.116701 0.102991
0.208531 0.104394 0.368658 0.229720 0.148776
0.077798 0.146366 0.294377 0.162570 0.428212
0.734378 3.898236 1.532170 0.674620 0.193128
0.124098 0.108447 0.307284 0.218997 0.112213
0.726760 5.880709 0.569054 0.588640 0.187964
0.084872 0.137979 0.287455 0.162982 0.315634
0.069529 0.142316 0.270456 0.148369 0.255113
0.064769 0.125990 0.291788 0.140623 0.313605
0.073327 0.120537 0.288146 0.174479 0.306725
0.136455 0.114794 0.287081 0.170471 0.180975
0.462354 2.254189 0.959166 0.349094 0.074606
0.086489 0.140963 0.268802 0.152938 0.195935
0.994252 3.956144 0.285935 0.238984 0.070549
0.173722 0.106211 2.461284 0.209442 0.067295
0.878853 3.268702 1.529086 0.682767 0.130066
0.031516 0.080286 2.073974 0.256646 0.573835
0.044654 0.090982 0.284070 0.166168 0.464411
0.060753 0.452024 1.134130 0.342461 0.388693
1.333617 3.534217 0.496562 2.011502 0.146154
0.050472 0.070234 2.880328 0.288192 0.057670
0.068084 0.086955 0.325553 0.299195 0.157022
0.169485 2.047853 0.305197 0.575106 0.175831
0.061852 0.131186 0.297197 0.161644 0.642649
0.066107 0.163059 0.308145 0.180178 0.629372
0.064522 0.137844 0.277085 0.143077 0.415504
0.057179 0.116933 0.294843 0.145902 0.465010
1.249765 3.261438 5.294660 0.977041 0.137098
0.072147 0.110942 0.312739 0.195732 0.132829
0.065771 0.134682 0.288805 0.156605 0.285193
0.066843 0.159547 0.339835 0.164513 0.377424
0.066689 0.142114 0.657972 0.196551 0.291096
0.075240 0.142675 1.080033 0.155041 0.279989
0.086103 0.139493 0.933406 0.149013 0.232352
0.394235 2.136411 2.174697 0.225393 0.139409
4.759719 5.707483 0.292864 1.333810 0.097229
0.901106 0.105660 0.769785 0.328806 0.049869
4.593708 3.758669 0.373143 0.385524 0.203613
0.423888 0.068461 1.505113 0.230134 0.066979
1.128733 4.418858 0.511615 0.538341 0.040282
1.786916 7.299233 0.801036 0.984169 0.073306
1.804241 3.486395 0.436438 0.777423 0.041389
0.085874 0.126093 2.479795 0.532836 0.414368
0.070944 0.149014 0.472384 0.150208 0.703852
0.072494 0.141991 0.974495 0.178647 0.620436
1.964895 3.091806 0.291563 0.819811 0.756839
1.342788 3.549607 0.928283 0.806815 0.990869
0.377690 3.110749 0.298688 0.235204 2.757051
0.069035 0.140994 0.467548 0.173929 0.604836
0.078162 0.150715 0.287846 0.130871 0.833281
0.275025 1.591409 0.284980 0.191222 0.953436
0.888858 2.925379 2.023759 0.435565 2.551577
1.454888 3.998277 2.490421 1.074765 0.039624
0.089456 0.073079 2.219731 0.208449 0.278447
0.437065 0.967263 2.688537 0.206970 0.234992
0.435830 2.381321 0.833759 0.788226 0.813500
0.063857 0.133250 0.308803 0.159008 0.525349
1.786676 4.499959 1.108597 0.489289 0.179688
0.061720 0.109741 0.317518 0.169154 0.290701
0.066562 0.134338 1.376593 0.209674 0.443554
0.074106 0.130025 0.309737 0.134983 0.336485
0.054544 0.117152 1.460169 0.158398 0.237825
1.356791 4.771490 1.806192 0.831831 0.108680
0.053534 0.275908 0.941056 0.195837 0.579722
1.441036 8.465668 0.360770 1.051625 0.172995
0.331072 0.438514 2.489291 0.263067 0.118757
2.301394 10.455577 2.459136 2.408320 0.032962
4.335879 4.487752 0.360644 2.787959 0.075240
0.055226 0.153780 0.678081 0.150726 0.630906
0.744962 2.627708 0.893390 0.639148 0.238812
1.705538 3.335326 2.420810 1.104001 0.248395
0.259772 2.579612 0.801324 0.202996 0.411790
1.304806 4.351032 0.473560 0.384849 0.064443
1.666427 4.578328 1.445231 0.483893 0.060417
4.643008 11.558515 1.919102 1.925388 0.026167
0.337804 0.179075 1.683826 0.431824 0.117355
2.816169 7.497098 0.290148 2.208501 1.269991
0.075554 0.195289 0.156867 0.099954 0.681007
0.107725 1.641962 0.227887 0.148332 1.099148
0.418940 2.749173 0.379875 0.234953 2.375392
0.769341 2.542084 0.282296 0.264568 1.779572
1.238042 4.373763 0.679083 0.726062 1.384967
1.380171 5.202355 0.299434 0.486302 6.540677
0.911275 4.960507 0.331138 0.794086 3.923049
0.311516 3.205002 0.309984 0.268861 5.664961
0.674267 8.425264 0.293585 0.330784 2.210963
0.075574 0.152529 0.283753 0.176023 7.530911
1.020275 5.790660 0.321461 0.749891 3.151104
2.321086 4.734181 0.320182 0.289221 6.678880
0.716930 5.586578 0.321687 0.311852 6.097432
1.229213 4.427604 0.833199 0.396943 1.952196
0.355791 1.675847 0.629015 0.185556 1.925272
0.069673 0.151778 0.275314 0.141111 2.763225
0.314896 5.207916 0.284384 0.225960 2.452596
0.066395 0.149464 0.282227 0.157401 6.023644
0.213356 1.608307 0.309693 0.233942 3.684440
1.790258 7.136618 0.471982 0.410291 2.952255
0.136741 1.903231 0.172619 0.147136 0.827953
0.699564 4.698251 0.684274 0.711341 0.918896
0.358497 3.310292 0.326600 0.433042 2.901461
0.073248 0.149431 0.296503 0.192692 4.499831
1.268636 8.962191 0.288939 0.438014 3.953958
0.533814 3.199951 0.298848 0.170426 3.761967
0.336158 5.243469 0.469062 0.423897 4.959928
0.083803 0.156450 0.317058 0.215563 3.104836
1.127892 7.668148 0.350247 0.710364 2.247095
0.196240 2.853346 0.563370 0.221025 1.262481
0.828788 3.823617 0.306545 0.365976 1.134018
0.074899 0.449361 0.281514 0.139513 2.363483
0.069178 0.133934 1.046302 0.180025 1.225179
0.648976 5.035039 1.333406 1.608653 0.321205
2.303262 0.039142 0.384880 2.264889 0.428274
3.178186 0.606032 0.637511 4.964236 0.089713
0.512269 0.040910 0.971516 0.371066 0.145435
0.097962 0.075295 1.329750 0.274805 0.196836
0.068508 0.096677 0.290805 0.220156 0.237683
0.262331 1.403024 2.726791 0.456996 0.036461
2.408943 0.160333 0.628769 0.451950 0.024780
0.588538 5.052435 2.064839 0.449867 0.044720
2.698380 9.197345 0.575163 2.743414 0.111904
0.297829 2.567240 1.595359 0.350259 0.164676
0.060286 0.120124 0.346992 0.146454 0.400866
0.082515 0.210001 1.835261 0.218776 0.564115
0.069532 0.153134 0.375487 0.153334 0.252179
3.998682 11.898303 1.694417 1.537226 0.078559
18.225472 0.463808 0.931524 1.488064 0.008809
2.255159 0.151357 1.418027 0.775655 0.041484
0.411997 0.120091 0.700792 0.184330 0.181605
2.523533 2.576975 0.373568 3.900117 0.125276
2.590450 5.419144 1.957921 2.093193 0.064921
1.649023 6.070608 2.823752 1.264556 0.145737
0.881609 1.510159 1.852294 0.272045 0.329982
0.060903 0.532247 0.318393 0.164974 0.448216
0.165048 0.154824 0.806545 0.188864 0.450365
0.388404 2.205938 1.850354 0.358212 0.149004
0.171082 0.149393 0.950259 0.277380 0.096301
0.058351 0.121219 0.419632 0.145909 0.486831
0.063020 0.130462 0.291962 0.171217 0.501957
0.931100 4.619282 2.421799 1.341157 0.327617
4.795865 4.449839 1.548108 3.253466 0.019076
19.665231 20.649660 1.987011 51.216553 0.013792
0.777800 3.017966 1.185504 0.721591 0.068337
1.343011 6.913151 3.944284 0.744720 0.422463
0.068081 0.157678 1.145619 0.179537 0.294046
0.074990 0.149735 0.271876 0.132062 0.267910
0.066432 0.142971 0.637844 0.149124 0.212302
0.065729 0.147254 0.280696 0.155697 0.230740
0.067028 0.632217 2.690039 0.221966 0.347107
1.553978 7.023755 1.661050 0.669651 0.128857
0.070020 0.169630 0.473053 0.130560 0.265915
0.066671 0.136528 0.282368 0.147442 0.250379
1.834647 7.376068 1.153004 3.096187 0.396121
0.081363 0.143080 0.279546 0.255946 3.898771
1.106709 7.509341 0.305590 0.392141 0.998466
0.110597 0.136922 1.233757 0.210674 0.234166
0.757414 3.699527 1.004084 0.304240 0.201392
0.193326 0.245791 1.785525 0.396645 0.093006
2.202576 3.559294 0.326791 0.691347 0.047888
0.581332 3.675303 1.350602 0.483741 0.063134
0.531513 1.101230 0.412599 0.352781 0.057602
10.508876 15.395302 1.750253 8.587618 0.017253
0.425996 1.537660 1.295462 0.289439 0.200731
0.116558 0.280997 3.013184 0.191591 0.394582
1.337781 4.760020 1.750942 0.835639 0.146517
10.867534 3.397255 3.848338 0.680236 0.028740
3.331067 6.723693 1.647086 3.228357 0.146863
5.565557 7.246152 0.717738 4.457716 0.058619
4.517484 11.641049 0.624016 2.635416 0.078334
1.048482 0.978787 2.285647 0.724774 0.115403
0.087892 0.150714 0.250846 0.137554 0.269690
0.076391 0.151344 0.337664 0.147669 0.434515
0.069921 0.147047 0.956898 0.153657 0.644045
0.073856 0.148372 0.282540 0.138159 0.241413
0.067634 0.158568 0.277788 0.142166 0.285931
0.097198 0.185270 1.799282 0.146801 0.259343
0.231663 0.305166 0.374336 0.206409 0.158192
11.691092 6.509682 1.805454 12.339712 0.038606
5.110957 6.831832 1.519785 10.855182 0.039073
8.208121 3.900339 2.343184 6.704482 0.030931
4.685458 15.395321 1.757757 4.809522 0.025558
0.602769 1.602900 2.114605 0.699504 0.050965
0.070331 0.139523 0.309351 0.197772 0.317275
0.081657 0.158334 1.004492 0.184925 0.323439
0.059182 0.123380 3.203395 0.185290 0.297357
0.062503 0.136833 1.175748 0.168086 0.180191
0.071914 0.141259 0.549595 0.157617 0.316878
0.062744 0.132772 0.812523 0.151608 0.171398
0.059896 0.134627 2.260242 0.156157 0.164884
0.071406 0.130540 1.078501 0.165899 0.236905
3.081863 9.978968 1.200693 3.465706 0.081973
0.114643 0.990403 1.529404 0.525436 0.353537
0.647759 3.602802 2.861506 3.296309 0.201810
0.182972 0.092787 1.541648 0.223882 0.234294
1.807350 3.535172 0.991563 1.680499 0.196940
1.983025 0.212897 4.446960 0.637604 0.142831
0.050867 0.497507 1.813191 0.229748 0.382898
3.458247 11.166004 2.093417 2.831997 0.010931
10.906615 11.706046 3.087148 3.655159 0.010279
0.638496 4.558356 1.684275 0.370967 0.087072
0.506103 2.084781 0.514761 0.848059 0.182971
0.229251 2.246800 3.900596 0.357642 0.090299
0.074221 0.125888 1.254914 0.185189 0.225387
0.049966 0.116321 1.151094 0.196219 0.347934
0.054100 0.125689 2.027684 0.177892 0.430962
0.067335 0.139489 1.474498 0.176993 0.294335
0.065267 0.128656 1.603557 0.194860 0.483477
0.167939 0.154627 0.578058 0.148593 0.259846
1.666227 0.155205 2.783451 0.244223 0.261254
1.076825 0.152372 0.242920 0.154829 0.230248
5.344278 0.138292 1.407760 0.357423 0.507087
1.726418 0.141748 1.836180 0.406349 0.282673
0.362089 0.148168 0.275656 0.162334 0.254635
0.400825 0.148878 0.890205 0.264599 0.163329
0.302975 0.149835 0.862931 0.218172 0.218115
2.081963 0.150570 1.613860 0.324046 0.204487
2.281396 0.166460 0.864347 0.280027 0.191812
2.369382 0.561165 1.042554 0.255329 0.264567
1.777037 0.153518 0.818487 0.230706 0.571428
0.068400 0.127378 0.863753 0.169585 0.611543
0.073524 0.145117 0.212932 0.129125 0.355678
0.080704 0.099829 2.665747 0.215278 0.430773
1.407557 2.499779 0.317245 0.847482 0.147771
2.056233 9.384279 2.168758 0.699339 0.039953
2.321776 6.447196 1.864874 1.065132 0.040938
1.429454 4.495901 0.351765 0.727087 0.130313
1.737163 3.486355 1.543512 2.929593 0.752413
1.304792 0.193242 1.451600 0.544119 0.304676
2.270946 3.632219 3.889651 1.669650 0.251702
0.257921 2.564321 1.022918 0.284202 2.867843
0.073662 0.148707 0.296041 0.231650 3.380924
0.857498 4.681260 0.362966 0.273518 2.529336
0.832937 4.283099 0.656883 0.325846 4.074313
0.810412 6.888005 0.302198 0.403018 2.532383
1.130976 10.358111 0.348131 0.355362 0.924029
1.493494 9.061076 0.307016 0.876663 1.691898
0.678103 2.728830 0.267140 0.362435 3.303939
1.056044 5.066743 0.263261 0.284925 1.394137
0.091241 0.712418 0.308873 0.232813 1.411274
0.639370 2.467401 0.323831 0.261342 1.517180
0.322380 1.575128 0.257159 0.216151 0.502958
0.364391 3.419762 0.276429 0.474718 3.687626
0.070111 0.450661 0.258737 0.178954 7.546248
0.885106 4.049520 1.235198 0.274776 0.580667
1.529031 0.083522 2.309610 0.295472 0.329295
4.301493 4.211870 0.479851 0.782106 0.235423
1.270052 0.039338 2.895244 1.396231 0.097810
5.453737 3.633852 1.574984 1.386250 0.193113
4.561231 1.159329 2.502066 0.791452 0.098936
4.045584 9.246482 4.421814 3.118821 0.201465
0.962882 2.225151 0.388042 1.232198 0.050111
0.637649 0.430692 1.948670 0.383235 0.063614
2.014058 5.730140 1.943406 0.700162 0.054483
1.083327 3.680502 0.690838 3.391469 0.065775
3.097843 8.293080 1.212356 0.468964 0.030989
0.186061 0.071319 0.992477 0.283026 0.037253
0.514910 4.169688 1.512803 1.883230 0.123415
0.092422 0.224991 1.404912 0.192413 0.343990
0.797654 2.815210 0.406552 0.295121 0.162245
0.056794 0.167539 1.237813 0.433754 0.212343
0.902205 2.030466 0.334030 0.364968 0.063205
5.419716 9.617349 4.825214 7.067392 0.021316
1.135903 8.523028 4.769780 31.171777 0.016531
5.580935 8.446685 1.880247 2.160443 0.255903
2.307657 3.562781 1.651952 2.148241 0.064363
1.234115 2.823499 4.245815 0.485668 0.133603
0.873557 7.058375 2.335644 3.164115 0.128916
2.894012 4.736196 0.463481 1.033986 0.112165
5.987678 7.236266 2.074842 1.854020 0.033330
0.499187 0.070519 3.305018 0.471755 0.204393
2.937554 6.718985 3.254619 1.137445 0.128872
0.482948 3.131812 0.431086 0.217760 0.285896
0.203041 2.284382 0.324827 0.475836 0.304503
0.051108 0.584891 2.466119 0.217003 0.420280
0.082894 0.160175 3.712555 0.240618 0.973267
2.015256 0.411285 0.359879 0.862312 0.745946
0.058540 0.113066 1.431551 0.173363 0.564961
0.046457 0.105779 0.288547 0.177635 0.421520
0.065351 0.106666 2.373660 0.204967 0.453723
0.981864 3.568162 2.176528 0.208512 0.890795
0.796328 0.070786 2.805313 0.341429 0.183605
0.993258 2.636539 1.417896 0.337366 0.142573
1.028204 0.318133 1.843197 0.278841 0.208941
0.050315 0.093298 4.299253 0.225806 0.593892
0.062658 0.129094 0.474617 0.169812 0.629597
3.749858 6.685050 3.128722 0.764257 0.216393
0.334944 1.694037 1.796653 0.361670 0.077601
2.843374 9.302018 3.036261 0.774182 0.034340
10.168833 10.614852 2.104305 3.857688 0.030746
1.572871 0.388983 1.379567 0.517659 0.076697
4.114523 7.424031 1.621143 1.999662 0.047628
0.774986 0.118734 0.415040 0.277212 0.038279
1.699472 0.041980 1.287174 0.474893 0.047335
0.147938 2.008281 3.178680 0.355337 0.137868
0.175149 0.069866 1.451185 0.256133 0.040850
8.016278 11.753594 2.458844 3.657538 0.043872
0.944899 0.059885 0.333601 0.338534 0.025948
8.707573 7.318964 4.878622 5.548665 0.025444
6.650766 5.487789 2.314036 3.944281 0.021570
0.689683 2.611102 2.683171 0.355763 0.196263
0.185254 0.161370 1.418362 0.372854 0.089529
0.159673 2.449694 2.346002 0.501025 0.249849
1.169808 1.922108 1.636327 0.762230 0.810012
1.505810 3.540839 1.614264 1.363767 0.154197
1.952387 0.894446 0.312891 0.227816 0.485354
3.277322 7.468497 0.456937 1.761615 0.113207
1.975286 0.100269 2.177476 0.448044 0.101036
13.572024 6.706651 3.790826 2.606478 0.198816
1.474941 4.368709 2.563292 0.999496 0.135275
0.065055 0.126072 0.646518 0.153613 0.390893
0.071594 0.136347 1.694734 0.157836 0.595667
0.074492 0.160127 0.212731 0.092038 0.127888
0.071775 0.143685 1.103619 0.193626 0.286558
0.056907 0.134512 0.332793 0.145798 0.735921
0.099440 0.106266 0.328390 0.204148 0.677125
0.698198 0.772836 2.125918 0.520030 0.122217
1.111705 3.870194 1.639422 0.429815 0.236939
0.433591 3.222371 0.305979 0.487776 0.095398
1.186993 2.222172 4.697134 0.428062 0.344817
5.588900 2.624208 3.460327 4.243465 0.088502
2.695847 6.594229 2.621223 0.808996 0.078288
1.594891 3.679206 1.533903 0.445002 0.228161
1.240520 3.384687 1.153596 3.204100 0.040955
0.078797 0.676188 0.999291 0.198918 0.717069
0.341477 0.447582 3.372051 0.286524 0.062734
3.435005 9.050257 2.032131 3.788403 0.055836
0.082470 0.074665 1.349426 0.227466 0.174407
1.526647 4.057592 0.707108 0.324960 0.224051
0.285378 0.693413 2.749633 0.283592 0.178498
0.299047 1.360600 2.251117 0.411393 0.062497
6.157363 9.599486 0.278991 11.246994 0.131231
0.606402 3.345044 0.451213 0.419300 0.297872
10.882744 14.932699 3.873084 6.723988 0.016194
0.168156 0.471473 1.131235 0.235301 0.111533
1.157840 4.581831 2.205356 1.277651 0.390640
0.969380 6.165565 2.719839 0.480008 0.050948
0.396628 4.485332 1.070037 0.314656 0.164449
0.145117 0.102732 2.290791 0.329118 0.227057
0.074714 0.123402 0.602316 0.207356 0.916533
0.076301 0.113783 1.395958 0.317766 0.320548
2.600346 5.131259 1.281811 0.806212 0.839502
0.071099 1.041978 2.900256 0.253008 0.905799
4.628027 12.723614 1.977793 6.132721 0.032576
0.780725 2.767820 2.521638 1.686078 0.037134
2.229760 7.009280 2.554405 1.398053 0.037625
5.668699 5.349469 0.541313 4.856054 0.051041
4.288656 12.421733 3.842092 2.190360 0.035819
0.147859 0.122586 0.755746 0.205554 0.208515
2.653245 2.629104 0.521883 0.439696 0.278665
1.939498 6.648668 0.708712 0.967353 0.075238
8.608370 15.896930 0.878827 3.574516 0.199115
2.017932 4.531766 1.830388 0.957394 0.130645
0.091051 0.092048 0.984025 0.262481 0.161610
1.303592 4.716939 0.613909 0.707704 1.726372
0.086463 1.017845 0.249985 0.237066 1.255308
0.099188 1.642433 0.506925 0.104286 0.155980
0.066508 0.145958 0.290104 0.126987 1.741125
0.076261 0.139784 0.272502 0.123677 2.031434
0.068546 0.138428 0.449835 0.133619 2.082992
0.055919 0.727675 0.355418 0.169381 0.975900
1.486031 5.210806 1.842829 1.930987 0.104195
0.062843 0.767496 0.994540 0.201065 0.282846
0.167072 2.127137 2.020458 0.501022 0.337151
0.489992 2.786412 1.832212 0.412291 0.403597
0.069437 0.545710 1.425259 0.147475 0.276924
0.068870 0.264661 0.569825 0.146587 0.504090
0.099995 0.831750 1.219038 0.631000 0.347817
2.182489 4.521065 3.053061 0.649573 0.120550
0.064637 0.115044 1.760279 0.942589 0.296268
1.191278 4.265170 0.349244 1.431935 0.288796
0.075251 0.131831 0.335872 0.154102 0.400852
0.063593 0.138921 1.664803 0.146672 0.558533
0.066988 0.137895 0.276386 0.112710 1.437813
0.059716 0.153303 1.092658 0.133395 1.088143
0.065266 0.135022 1.199707 0.183460 0.637592
0.347449 2.767455 0.382282 0.504231 0.265669
0.081758 0.126294 1.419994 0.178398 0.711500
0.070378 0.149809 0.284444 0.148481 1.208433
0.064884 0.138370 0.616459 0.151523 1.136337
0.134082 1.917955 1.623876 0.548384 0.461348
3.219029 5.195203 0.785514 1.146778 0.174188
0.069332 0.142070 1.868040 0.149252 0.850987
0.059150 0.167699 1.035583 0.157541 1.313199
0.068712 0.131734 0.773991 0.159172 0.620163
0.535391 4.380372 0.263761 0.576503 0.834037
0.072055 0.145643 1.041559 0.138890 0.416909
6.573831 6.829874 2.242833 1.199573 0.153114
0.862230 1.082294 0.611195 0.876329 0.690086
0.092045 0.146265 1.303251 0.223337 0.619127
0.093413 0.143790 0.382416 0.200284 1.384831
0.342756 2.580141 0.340098 0.298537 3.759583
1.103749 6.832143 0.361895 0.233226 3.848711
0.275343 3.660627 0.283488 0.447916 5.518248
3.663171 11.928628 0.252498 1.431789 3.331420
0.724805 4.430238 0.354286 0.625359 5.901167
1.253992 3.878801 0.932591 0.474055 6.559868
4.271942 8.668092 0.340660 1.115259 2.030202
0.394631 0.072845 1.936599 0.674125 0.152419
3.328027 7.955012 0.433925 1.792998 0.942430
0.473353 2.538742 0.453474 1.154628 5.843587
1.426436 5.116340 0.354973 1.198455 5.073994
0.071313 0.150481 0.315561 0.209843 3.508493
0.163951 1.728974 0.310985 0.272809 6.117765
1.044312 3.641120 0.898384 0.412610 2.046436
0.783331 2.526272 0.358970 0.729478 3.514030
1.733803 3.353856 0.528369 0.825396 1.045055
1.804745 2.044307 0.368636 0.368186 0.186930
1.138946 2.400101 0.916252 0.582534 0.759676
0.122219 1.260365 0.267595 0.217948 2.458588
0.200149 0.742965 0.317636 0.235928 4.253102
1.137433 3.629855 0.290510 0.501101 1.695722
0.774894 3.044525 0.309513 0.658878 0.872113
0.947551 3.742951 0.997607 0.440310 1.600428
0.133691 0.919370 0.323487 0.164577 1.605691
0.101268 0.304489 0.572155 0.244982 3.213169
1.218656 4.978595 0.306952 1.217678 2.022036
1.401863 5.525083 1.621193 0.790726 1.985498
0.073220 0.159140 0.265582 0.178570 5.320734
0.266577 2.659386 0.285913 0.276463 1.624306
0.251787 1.701231 0.536468 0.336092 1.554621
0.586311 2.782300 0.691603 0.452749 1.815452
0.285146 1.921030 1.348012 0.530875 2.104068
0.257741 1.296044 0.294722 0.248693 2.619901
1.336507 4.907830 1.051662 6.038789 0.180691
0.529500 1.916183 0.280470 7.493246 2.491031
0.075393 0.152628 0.264339 0.119623 3.094735
0.073406 0.155920 0.253057 0.114247 2.944787
0.068260 0.150378 0.789107 0.151546 2.411197
0.074812 0.142081 2.214808 0.134907 1.412968
0.078601 0.127773 1.958726 0.189988 0.446090
4.026820 8.390346 1.229735 13.699362 0.132553
0.088688 0.681921 1.051067 0.165648 0.494737
0.083705 0.812364 0.290675 0.196683 0.514721
0.392545 0.149065 2.173904 0.206246 0.396881
0.101594 0.392157 0.415183 0.139772 0.847998
1.715546 8.177208 0.375294 1.284743 0.027357
3.926212 10.292572 2.021288 4.769536 0.051137
2.107782 3.167948 1.619551 4.340172 0.166975
0.072372 0.140256 0.528341 0.139353 0.372785
0.072293 0.141642 0.497071 0.143622 1.238813
0.071579 0.203942 0.805855 0.128698 1.015686
3.036231 7.301008 0.454576 4.314728 0.479443
2.964086 3.260439 1.244192 2.776819 0.195789
0.063755 0.141318 0.276991 0.133988 2.393406
0.069225 0.143064 0.226713 0.122796 2.449523
0.068799 0.153248 0.263133 0.144472 2.125820
0.069623 0.151631 1.035207 0.150016 2.123938
0.067994 0.154670 0.226539 0.123342 2.536024
0.071463 0.163977 0.188491 0.098706 1.230778
0.070137 0.154224 0.235344 0.126972 2.243844
0.072935 0.153852 0.227078 0.119402 2.169695
0.070873 0.143237 0.239529 0.131634 2.872119
0.071189 0.153185 0.242989 0.116122 2.535189
0.071710 0.142178 0.247653 0.153880 1.207076
0.142894 2.485309 0.632739 0.379016 0.423154
0.911886 3.925737 1.749258 0.989447 0.292809
0.063337 0.939388 1.665435 0.289069 0.315024
0.467846 0.223153 0.407461 0.553954 0.230882
2.116398 6.603070 0.796053 1.702218 0.044572
0.855522 1.830773 1.625234 0.868350 0.115488
9.880514 9.291068 0.680839 26.630470 0.069987
1.826410 2.249801 1.654008 3.585893 0.413164
5.336881 6.413179 2.138968 2.719443 0.035499
1.086651 0.539927 2.896904 0.813205 0.109325
3.820759 5.688238 0.353884 1.177710 0.212489
8.294780 16.575761 3.801195 3.188705 0.112574
4.357321 9.544298 3.268239 1.266210 0.048213
0.065303 0.138880 0.566431 0.266141 1.341612
0.071350 0.153205 0.259900 0.143503 1.850490
0.071441 0.157779 0.334533 0.144435 1.792692
0.065963 0.148731 0.288025 0.138503 3.017121
0.077170 0.151507 0.259876 0.147434 2.750697
0.071549 0.147742 0.254509 0.145516 2.555256
0.070037 0.147179 0.259173 0.138599 2.478922
0.151673 0.353269 3.156874 0.397356 0.775687
3.691607 3.874444 0.538875 1.285507 0.046397
0.061342 0.110141 1.412532 0.206433 0.525543
0.075276 0.164520 0.282932 0.137359 1.180824
0.083231 0.111046 1.407962 0.207285 0.274235
1.782856 4.139505 2.128936 0.985168 0.422245
1.142009 4.969235 2.298121 0.496449 1.753746
1.348212 4.461707 0.298132 0.434925 5.101933
0.865407 6.798726 0.322889 1.359741 2.918836
1.897184 6.692797 0.342002 0.540177 4.613144
1.145382 7.601711 0.304365 0.346509 6.460240
0.064527 0.118122 0.329858 0.161856 5.270237
0.068747 0.148594 0.289932 0.159295 3.746062
0.072823 0.153368 0.366380 0.141150 2.658073
0.073077 0.150413 0.314069 0.141418 2.586851
0.071268 0.145948 0.293339 0.157572 3.396251
0.069719 0.154436 0.281129 0.135925 3.288801
0.064359 0.145700 0.298469 0.160568 2.959128
0.068987 0.138966 0.277028 0.138037 3.918667
0.069116 0.143278 0.289187 0.140594 3.124496
0.198422 0.196057 0.859720 0.150797 2.741076
0.079702 0.245163 1.040168 0.149271 2.069377
1.218724 6.107617 0.323083 0.429023 1.162080
0.963919 5.358074 0.304260 0.663032 0.404811
2.902308 5.439018 0.410220 3.329428 0.900262
0.957093 3.064476 0.347456 1.068420 0.356094
2.039544 8.781577 0.407004 1.826265 1.864519
0.528996 4.894408 0.884264 0.392921 1.015297
0.420602 3.230641 1.281912 0.453780 3.582135
0.579995 3.498902 0.286068 0.334606 6.972595
0.869429 8.100282 0.512050 0.780162 6.642620
0.661810 6.420758 0.460333 0.307635 7.335231
0.245594 3.354737 0.419723 0.297744 2.792083
1.218217 8.313334 0.611059 0.569962 3.842978
0.305871 1.847907 0.324218 0.421617 3.099137
2.146109 6.661238 0.451220 1.280199 0.072836
0.447331 3.048480 0.588304 0.668531 4.451667
0.457732 5.085650 1.713536 0.565064 3.750207
0.058027 0.128824 0.307140 0.213965 10.859847
0.531982 4.740285 0.511498 0.339803 5.362572
0.318728 2.222539 0.333675 0.750483 6.378941
0.070490 0.175970 0.260280 0.166505 11.282973
2.140497 8.067585 1.992129 1.859922 10.709321
0.689890 2.999441 0.504983 0.516156 11.162570
1.236114 4.519381 0.357122 0.954403 11.781732
1.536094 10.765156 0.376844 1.704310 0.519264
3.700992 8.344517 0.408129 4.045388 0.123894
1.904538 9.585628 0.558879 1.615991 5.865534
1.869681 6.270485 0.413381 1.313478 0.079555
3.468310 10.114869 3.071377 2.639088 0.273687
7.846940 12.318460 2.285287 4.386800 0.024841
