11	29	29	1450000
38	58	58	2900000
96	112	112	5600000
114	140	140	7000000
142	157	157	7850000
182	196	196	9800000
218	232	232	11600000
233	257	257	12850000
259	282	282	14100000
291	340	340	17000000
363	377	377	18850000
613	645	645	32250000
664	687	687	34350000
727	745	745	37250000
758	778	778	38900000
791	805	805	40250000
848	871	871	43550000
873	890	890	44500000
937	954	954	47700000
956	980	980	49000000
981	997	997	49850000
1007	1036	1036	51800000
1038	1071	1071	53550000
1121	1142	1142	57100000
1144	1158	1158	57900000
