17	31
43	57
59	82
92	117
119	134
135	149
157	172
173	189
215	235
246	268
270	284
291	305
313	333
344	365
458	488
534	549
554	569
570	586
588	602
627	645
658	681
682	697
709	729
748	776
806	823
871	890
891	907
918	933
934	948
949	963
978	1016
1154	1182
1215	1235
1237	1252
1269	1294
1296	1311
1330	1348
1352	1381
1382	1403
1449	1466
1475	1494
1515	1533
1573	1590
1653	1691
1695	1711
1713	1737
1760	1793
1852	1873
1877	1900
1930	1980
1981	1995
2046	2062
2100	2117
2123	2141
2211	2228
2278	2294
2348	2371
2381	2402
2410	2432
2433	2451
2461	2475
2476	2525
2526	2540
2563	2580
2581	2596
2604	2618
2663	2684
2686	2701
