1	21
23	61
64	95
97	118
129	149
169	183
187	221
229	243
245	262
267	297
303	317
318	335
336	351
374	405
421	439
440	462
463	491
551	571
573	587
592	606
615	640
664	692
712	737
739	768
857	872
873	898
921	955
966	990
991	1019
1020	1044
1168	1201
1216	1234
1245	1262
1324	1356
1368	1383
1384	1402
1403	1437
1447	1464
1485	1501
1509	1531
1561	1584
1587	1606
1615	1677
1695	1717
1757	1779
1818	1834
1850	1866
1893	1947
1963	1985
1988	2004
2020	2042
2074	2093
2094	2133
2172	2189
2206	2221
2242	2272
2314	2328
2333	2348
2349	2369
2381	2398
2400	2415
2439	2471
2500	2514
2580	2595
2604	2643
2644	2665
