27	47
79	117
134	152
160	177
273	310
311	328
349	370
386	409
424	440
453	469
475	492
497	529
547	584
585	602
615	631
657	673
674	692
699	716
730	748
761	776
813	829
831	854
864	880
896	910
936	977
979	1006
1007	1024
1048	1064
1081	1097
1107	1130
1137	1160
1175	1195
1217	1237
1257	1271
1285	1324
1335	1356
1422	1494
1495	1512
1518	1542
1543	1573
1574	1589
1678	1694
1706	1734
1742	1762
1802	1821
1830	1845
1857	1876
1878	1900
1917	1937
1939	1970
1975	1995
1996	2017
2040	2060
2145	2163
2182	2201
2229	2246
2254	2274
2296	2321
2341	2359
2361	2376
2391	2406
2450	2495
2866	2882
2906	2920
2940	2958
3021	3040
3041	3065
3087	3104
3134	3150
3165	3179
3209	3228
3235	3250
3268	3302
3303	3336
3337	3353
3368	3387
3398	3414
3450	3468
3485	3499
3538	3558
3566	3591
3642	3656
3673	3694
3706	3725
3741	3809
3810	3848
3863	3915
3952	3974
3975	3992
3993	4010
4049	4069
4090	4105
4124	4139
4208	4224
4226	4240
4241	4260
4262	4283
4293	4310
4312	4354
4367	4392
4417	4449
4455	4473
4475	4508
4528	4549
4550	4571
4572	4589
4592	4606
4607	4624
4648	4664
4666	4686
4688	4721
4732	4749
4757	4799
4800	4838
4868	4901
4903	4929
4938	4978
