10	31
77	91
96	119
120	137
144	164
209	224
231	255
265	283
302	318
365	386
395	413
430	447
482	496
504	521
522	537
554	580
591	605
633	654
849	867
903	920
922	953
954	973
986	1027
1043	1059
1114	1158
1167	1182
1191	1210
1245	1262
1306	1322
1361	1376
1397	1415
1440	1457
1495	1509
1521	1540
1564	1587
1647	1674
1684	1702
1741	1760
1762	1779
1780	1818
1828	1842
1855	1869
1870	1900
1911	1930
1956	1980
2035	2055
2108	2123
2141	2158
2173	2188
2198	2226
2227	2248
2270	2291
2292	2318
2369	2391
2411	2425
2452	2472
2474	2498
2504	2540
