14	30
41	61
110	137
148	174
191	208
244	260
262	312
313	329
331	354
357	374
413	475
478	497
554	570
579	597
603	636
652	666
714	734
744	758
759	774
798	816
836	855
856	871
912	938
958	1009
1011	1026
1083	1098
1124	1151
1155	1169
1186	1212
1223	1237
1238	1260
1280	1297
1329	1361
1369	1387
1388	1405
1443	1458
1476	1492
1493	1514
1649	1664
1707	1722
1926	1943
1955	1981
1990	2008
2025	2053
2101	2128
2136	2155
2157	2175
2176	2194
2242	2260
2356	2378
2406	2421
2541	2561
2628	2643
2653	2676
2699	2715
2730	2756
2757	2777
2871	2891
2935	2990
2992	3024
3032	3054
3055	3071
3126	3144
3155	3175
3177	3195
3202	3220
3231	3247
3263	3281
3291	3305
3330	3345
3389	3417
3431	3450
3468	3486
3489	3504
3508	3534
3584	3599
3602	3630
3752	3769
3795	3820
3831	3846
3850	3919
3921	3935
3967	3990
3999	4017
4018	4044
4045	4063
4064	4079
4086	4113
4133	4162
4169	4185
4186	4208
4235	4251
4266	4305
4334	4354
4369	4387
4399	4413
4453	4477
4479	4494
4496	4512
4513	4535
4559	4573
4600	4620
4621	4635
4637	4651
4679	4714
4727	4741
4742	4766
4783	4799
4810	4833
