0	63
64	85
86	102
207	226
261	282
283	301
332	357
410	441
458	477
480	494
498	541
542	566
578	594
600	614
616	630
632	654
655	676
677	718
720	746
748	787
825	850
871	885
910	947
957	980
982	1006
1012	1028
1039	1065
1097	1126
1131	1151
1152	1171
1181	1198
1266	1289
1291	1306
1308	1324
1338	1378
1382	1400
1410	1432
1439	1456
1470	1503
1516	1532
1573	1589
1592	1619
1629	1644
1734	1802
1886	1936
1955	1970
1980	1995
2008	2034
2036	2052
2092	2106
2114	2142
2144	2169
2194	2222
2224	2250
2252	2273
2287	2317
2337	2360
2377	2394
2397	2417
2433	2447
2480	2499
2513	2529
2530	2551
2563	2586
2587	2601
2669	2684
2718	2734
2742	2759
2761	2778
2788	2824
2826	2851
2875	2932
2933	2978
2979	3011
3025	3039
3060	3076
3094	3114
3120	3142
3152	3172
3186	3207
3211	3229
3237	3259
3320	3345
3380	3394
3403	3417
3419	3441
3468	3539
3540	3567
3580	3595
3596	3612
3619	3633
3654	3676
3697	3712
3732	3754
3755	3778
3799	3814
3856	3872
3893	3911
3925	3939
