15	33
40	54
55	70
85	117
143	168
187	201
255	271
274	295
315	329
330	350
384	414
435	455
474	489
520	535
553	613
614	634
649	663
673	689
761	783
818	838
862	892
936	952
963	980
1069	1084
1085	1106
1205	1233
1296	1347
1365	1392
1393	1411
1412	1435
1445	1460
1461	1494
1519	1540
1559	1578
1579	1606
1607	1628
1658	1672
1703	1750
1753	1769
1784	1799
1885	1902
1965	1981
1999	2045
2048	2062
2098	2113
2140	2159
2175	2197
2212	2237
2238	2259
2265	2287
2342	2364
2402	2422
2437	2451
2477	2493
2506	2548
2563	2577
2607	2633
2742	2764
2765	2779
2794	2816
2824	2841
2842	2857
2883	2902
2904	2923
2924	2938
2969	2986
2999	3021
3022	3047
3056	3073
3091	3107
3129	3143
3159	3173
3174	3189
3192	3247
3269	3294
3295	3310
3348	3362
3363	3379
3457	3487
3527	3551
3552	3566
3631	3657
3694	3721
