18	33
34	109
110	136
137	155
166	190
302	321
329	343
344	367
608	624
654	668
669	683
701	719
723	740
748	765
768	792
793	814
818	833
874	889
1062	1084
1119	1137
1146	1169
1189	1213
1219	1243
1296	1310
1336	1365
1432	1446
1478	1493
1495	1514
1526	1541
1591	1607
1609	1625
1626	1645
1646	1672
1774	1794
1846	1871
1912	1926
1927	1944
1945	1967
2008	2033
2051	2070
2144	2162
2170	2190
2215	2230
2257	2271
2273	2290
2306	2322
2401	2416
2417	2438
2439	2532
2533	2550
2551	2577
2643	2657
2662	2679
2693	2707
2709	2751
2752	2767
2768	2786
2792	2807
2815	2832
2843	2857
2868	2883
2884	2921
2941	2957
2969	2986
3010	3032
3052	3068
3118	3137
3163	3182
3185	3199
3213	3266
3271	3291
3386	3400
3428	3446
3454	3471
3528	3550
3565	3591
3598	3613
