11	29
32	47
66	80
109	132
231	245
284	304
305	325
326	342
372	401
411	431
432	469
470	484
490	512
559	591
593	608
614	639
645	665
666	682
683	705
710	731
754	774
788	826
841	857
872	888
889	919
958	988
990	1013
1048	1062
1063	1079
1080	1118
1126	1146
1204	1226
1277	1313
1372	1401
1403	1418
1444	1463
1473	1502
1533	1549
1603	1640
1645	1660
1687	1705
1714	1738
1758	1777
1778	1810
1907	1929
1931	1975
1996	2013
2108	2125
2142	2156
2158	2181
2189	2208
2209	2224
2225	2240
2247	2277
2279	2333
2378	2418
2427	2445
2450	2467
2497	2519
2553	2574
2588	2615
2616	2631
2638	2655
2656	2670
2682	2698
2700	2724
2752	2766
2768	2831
2850	2868
2890	2912
2919	2934
2948	2969
2970	2989
3106	3143
3145	3162
3173	3209
3307	3322
3324	3340
3342	3376
3377	3393
3394	3410
