0	29
31	47
48	91
92	128
139	165
167	217
252	266
306	332
336	353
374	391
394	413
414	449
450	470
485	503
504	543
544	561
592	612
629	649
664	682
696	728
729	745
775	789
804	833
835	857
858	877
918	944
1009	1025
1095	1112
1233	1249
1276	1310
1314	1330
1348	1415
1418	1435
1437	1458
1471	1487
1509	1527
1560	1584
1586	1600
1614	1629
1641	1655
1678	1717
1745	1763
1802	1836
1852	1872
1873	1888
1889	1904
1918	1941
1965	1987
2027	2043
2070	2084
2112	2143
2144	2170
2179	2230
2235	2249
2251	2269
2297	2317
2344	2363
2385	2406
2480	2497
2546	2566
2584	2600
2601	2616
2638	2652
2654	2681
2705	2721
2722	2761
2789	2807
2847	2872
2985	3057
3098	3115
3116	3138
3150	3171
