5	33
164	179
209	225
227	241
252	274
275	335
362	376
404	451
452	468
475	489
503	551
576	601
625	650
651	667
737	754
755	775
782	797
800	820
822	838
962	978
987	1031
1033	1049
1069	1083
1129	1143
1148	1168
1176	1199
1232	1258
1312	1346
1371	1385
1398	1413
1415	1435
1447	1498
1527	1544
1569	1592
1606	1633
1634	1691
1692	1706
1768	1793
1801	1828
1843	1863
1874	1890
1910	1924
1926	1944
1980	1997
2003	2018
2026	2044
2045	2070
2075	2089
2090	2116
2118	2133
2134	2150
2158	2174
2178	2194
2255	2269
2308	2329
2370	2395
2397	2418
2419	2462
2469	2488
2515	2535
2537	2553
2603	2621
2671	2685
2794	2808
2813	2828
2830	2849
2872	2889
