4	21
39	56
71	88
116	135
136	157
159	177
254	296
317	341
357	380
407	423
436	533
534	552
672	686
715	735
749	769
1366	1380
1388	1405
1406	1425
1445	1463
1467	1488
1506	1527
1528	1542
1569	1589
1612	1633
1639	1653
1672	1687
1688	1725
1763	1779
1786	1803
1818	1834
1835	1857
1858	1872
1893	1925
1954	1975
1985	1999
2028	2094
2095	2115
2118	2143
2148	2176
2188	2204
2205	2226
2242	2257
2265	2287
2294	2311
2314	2333
2334	2349
2351	2410
2412	2429
2449	2467
2488	2507
2508	2530
2538	2558
2565	2581
2582	2596
2597	2613
2660	2681
2697	2734
2735	2751
