0	0	419	10475000
517	12925000	605	15125000
643	16075000	650	16250000
663	16575000	672	16800000
690	17250000	699	17475000
702	17550000	709	17725000
710	17750000	724	18100000
758	18950000	765	19125000
766	19150000	774	19350000
789	19725000	797	19925000
830	20750000	844	21100000
868	21700000	877	21925000
925	23125000	958	23950000
959	23975000	970	24250000
971	24275000	981	24525000
1011	25275000	1030	25750000
1032	25800000	1051	26275000
1071	26775000	1083	27075000
1096	27400000	1112	27800000
1121	28025000	1143	28575000
1144	28600000	1153	28825000
1154	28850000	1170	29250000
1173	29325000	1181	29525000
1193	29825000	1202	30050000
1223	30575000	1237	30925000
1238	30950000	1245	31125000
1268	31700000	1278	31950000
1279	31975000	1294	32350000
1300	32500000	1313	32825000
1332	33300000	1357	33925000
1358	33950000	1408	35200000
1414	35350000	1423	35575000
1425	35625000	1445	36125000
1452	36300000	1460	36500000
1470	36750000	1478	36950000
1490	37250000	1499	37475000
1505	37625000	1512	37800000
1538	38450000	1547	38675000
1550	38750000	1564	39100000
1566	39150000	1573	39325000
1592	39800000	1600	40000000
1602	40050000	1614	40350000
1617	40425000	1625	40625000
1627	40675000	1636	40900000
1637	40925000	1647	41175000
1655	41375000	1663	41575000
1667	41675000	1677	41925000
1684	42100000	1698	42450000
1704	42600000	1712	42800000
1713	42825000	1724	43100000
1728	43200000	1735	43375000
1736	43400000	1755	43875000
1774	44350000	1784	44600000
1790	44750000	1803	45075000
1811	45275000	1821	45525000
1826	45650000	1833	45825000
1845	46125000	1852	46300000
1853	46325000	1861	46525000
1871	46775000	1884	47100000
1888	47200000	1938	48450000
1997	49925000	2008	50200000
